# mhp       tanbeta      NLO_xsec
 8.200e+02  1.000e-01  5.270e+00
 8.200e+02  2.000e-01  1.320e+00
 8.200e+02  3.000e-01  5.850e-01
 8.200e+02  4.000e-01  3.290e-01
 8.200e+02  5.000e-01  2.110e-01
 8.200e+02  6.000e-01  1.460e-01
 8.200e+02  7.000e-01  1.080e-01
 8.200e+02  8.000e-01  8.230e-02
 8.200e+02  9.000e-01  6.500e-02
 8.200e+02  1.000e+00  5.270e-02
 8.200e+02  2.000e+00  1.320e-02
 8.200e+02  3.000e+00  5.950e-03
 8.200e+02  4.000e+00  3.470e-03
 8.200e+02  5.000e+00  2.390e-03
 8.200e+02  6.000e+00  1.870e-03
 8.200e+02  7.000e+00  1.630e-03
 8.200e+02  8.000e+00  1.550e-03
 8.200e+02  9.000e+00  1.570e-03
 8.200e+02  1.000e+01  1.660e-03
 8.200e+02  1.100e+01  1.810e-03
 8.200e+02  1.200e+01  2.000e-03
 8.200e+02  1.300e+01  2.230e-03
 8.200e+02  1.400e+01  2.500e-03
 8.200e+02  1.500e+01  2.790e-03
 8.200e+02  1.600e+01  3.120e-03
 8.200e+02  1.700e+01  3.470e-03
 8.200e+02  1.800e+01  3.850e-03
 8.200e+02  1.900e+01  4.250e-03
 8.200e+02  2.000e+01  4.680e-03
 8.200e+02  2.500e+01  7.190e-03
 8.200e+02  3.000e+01  1.030e-02
 8.200e+02  3.500e+01  1.400e-02
 8.200e+02  4.000e+01  1.820e-02
 8.200e+02  4.500e+01  2.310e-02
 8.200e+02  5.000e+01  2.840e-02
 8.200e+02  5.500e+01  3.440e-02
 8.200e+02  6.000e+01  4.090e-02
