# mhp       tanbeta      NLO_xsec
 5.800e+02  1.000e-01  2.060e+01
 5.800e+02  2.000e-01  5.140e+00
 5.800e+02  3.000e-01  2.280e+00
 5.800e+02  4.000e-01  1.280e+00
 5.800e+02  5.000e-01  8.220e-01
 5.800e+02  6.000e-01  5.710e-01
 5.800e+02  7.000e-01  4.190e-01
 5.800e+02  8.000e-01  3.210e-01
 5.800e+02  9.000e-01  2.540e-01
 5.800e+02  1.000e+00  2.060e-01
 5.800e+02  2.000e+00  5.160e-02
 5.800e+02  3.000e+00  2.330e-02
 5.800e+02  4.000e+00  1.360e-02
 5.800e+02  5.000e+00  9.370e-03
 5.800e+02  6.000e+00  7.360e-03
 5.800e+02  7.000e+00  6.450e-03
 5.800e+02  8.000e+00  6.150e-03
 5.800e+02  9.000e+00  6.260e-03
 5.800e+02  1.000e+01  6.650e-03
 5.800e+02  1.100e+01  7.260e-03
 5.800e+02  1.200e+01  8.040e-03
 5.800e+02  1.300e+01  8.980e-03
 5.800e+02  1.400e+01  1.010e-02
 5.800e+02  1.500e+01  1.130e-02
 5.800e+02  1.600e+01  1.260e-02
 5.800e+02  1.700e+01  1.400e-02
 5.800e+02  1.800e+01  1.550e-02
 5.800e+02  1.900e+01  1.720e-02
 5.800e+02  2.000e+01  1.890e-02
 5.800e+02  2.500e+01  2.900e-02
 5.800e+02  3.000e+01  4.160e-02
 5.800e+02  3.500e+01  5.640e-02
 5.800e+02  4.000e+01  7.360e-02
 5.800e+02  4.500e+01  9.310e-02
 5.800e+02  5.000e+01  1.150e-01
 5.800e+02  5.500e+01  1.390e-01
 5.800e+02  6.000e+01  1.650e-01
