# mhp       tanbeta      NLO_xsec
 7.600e+02  1.000e-01  7.210e+00
 7.600e+02  2.000e-01  1.800e+00
 7.600e+02  3.000e-01  8.010e-01
 7.600e+02  4.000e-01  4.500e-01
 7.600e+02  5.000e-01  2.880e-01
 7.600e+02  6.000e-01  2.000e-01
 7.600e+02  7.000e-01  1.470e-01
 7.600e+02  8.000e-01  1.130e-01
 7.600e+02  9.000e-01  8.900e-02
 7.600e+02  1.000e+00  7.210e-02
 7.600e+02  2.000e+00  1.810e-02
 7.600e+02  3.000e+00  8.150e-03
 7.600e+02  4.000e+00  4.760e-03
 7.600e+02  5.000e+00  3.280e-03
 7.600e+02  6.000e+00  2.580e-03
 7.600e+02  7.000e+00  2.250e-03
 7.600e+02  8.000e+00  2.150e-03
 7.600e+02  9.000e+00  2.180e-03
 7.600e+02  1.000e+01  2.310e-03
 7.600e+02  1.100e+01  2.520e-03
 7.600e+02  1.200e+01  2.790e-03
 7.600e+02  1.300e+01  3.120e-03
 7.600e+02  1.400e+01  3.490e-03
 7.600e+02  1.500e+01  3.900e-03
 7.600e+02  1.600e+01  4.360e-03
 7.600e+02  1.700e+01  4.850e-03
 7.600e+02  1.800e+01  5.380e-03
 7.600e+02  1.900e+01  5.950e-03
 7.600e+02  2.000e+01  6.550e-03
 7.600e+02  2.500e+01  1.010e-02
 7.600e+02  3.000e+01  1.440e-02
 7.600e+02  3.500e+01  1.960e-02
 7.600e+02  4.000e+01  2.550e-02
 7.600e+02  4.500e+01  3.230e-02
 7.600e+02  5.000e+01  3.980e-02
 7.600e+02  5.500e+01  4.820e-02
 7.600e+02  6.000e+01  5.730e-02
