# mhp       tanbeta      NLO_xsec
 1.000e+03  1.000e-01  2.150e+00
 1.000e+03  2.000e-01  5.370e-01
 1.000e+03  3.000e-01  2.390e-01
 1.000e+03  4.000e-01  1.340e-01
 1.000e+03  5.000e-01  8.590e-02
 1.000e+03  6.000e-01  5.960e-02
 1.000e+03  7.000e-01  4.380e-02
 1.000e+03  8.000e-01  3.350e-02
 1.000e+03  9.000e-01  2.650e-02
 1.000e+03  1.000e+00  2.150e-02
 1.000e+03  2.000e+00  5.390e-03
 1.000e+03  3.000e+00  2.430e-03
 1.000e+03  4.000e+00  1.420e-03
 1.000e+03  5.000e+00  9.760e-04
 1.000e+03  6.000e+00  7.650e-04
 1.000e+03  7.000e+00  6.680e-04
 1.000e+03  8.000e+00  6.360e-04
 1.000e+03  9.000e+00  6.450e-04
 1.000e+03  1.000e+01  6.840e-04
 1.000e+03  1.100e+01  7.450e-04
 1.000e+03  1.200e+01  8.240e-04
 1.000e+03  1.300e+01  9.190e-04
 1.000e+03  1.400e+01  1.030e-03
 1.000e+03  1.500e+01  1.150e-03
 1.000e+03  1.600e+01  1.280e-03
 1.000e+03  1.700e+01  1.430e-03
 1.000e+03  1.800e+01  1.590e-03
 1.000e+03  1.900e+01  1.750e-03
 1.000e+03  2.000e+01  1.930e-03
 1.000e+03  2.500e+01  2.960e-03
 1.000e+03  3.000e+01  4.240e-03
 1.000e+03  3.500e+01  5.760e-03
 1.000e+03  4.000e+01  7.510e-03
 1.000e+03  4.500e+01  9.500e-03
 1.000e+03  5.000e+01  1.170e-02
 1.000e+03  5.500e+01  1.420e-02
 1.000e+03  6.000e+01  1.690e-02
