# mhp       tanbeta      NLO_xsec
 7.800e+02  1.000e-01  6.540e+00
 7.800e+02  2.000e-01  1.630e+00
 7.800e+02  3.000e-01  7.260e-01
 7.800e+02  4.000e-01  4.090e-01
 7.800e+02  5.000e-01  2.620e-01
 7.800e+02  6.000e-01  1.820e-01
 7.800e+02  7.000e-01  1.330e-01
 7.800e+02  8.000e-01  1.020e-01
 7.800e+02  9.000e-01  8.070e-02
 7.800e+02  1.000e+00  6.540e-02
 7.800e+02  2.000e+00  1.640e-02
 7.800e+02  3.000e+00  7.390e-03
 7.800e+02  4.000e+00  4.310e-03
 7.800e+02  5.000e+00  2.970e-03
 7.800e+02  6.000e+00  2.330e-03
 7.800e+02  7.000e+00  2.030e-03
 7.800e+02  8.000e+00  1.930e-03
 7.800e+02  9.000e+00  1.950e-03
 7.800e+02  1.000e+01  2.070e-03
 7.800e+02  1.100e+01  2.250e-03
 7.800e+02  1.200e+01  2.490e-03
 7.800e+02  1.300e+01  2.780e-03
 7.800e+02  1.400e+01  3.110e-03
 7.800e+02  1.500e+01  3.470e-03
 7.800e+02  1.600e+01  3.880e-03
 7.800e+02  1.700e+01  4.310e-03
 7.800e+02  1.800e+01  4.780e-03
 7.800e+02  1.900e+01  5.290e-03
 7.800e+02  2.000e+01  5.820e-03
 7.800e+02  2.500e+01  8.940e-03
 7.800e+02  3.000e+01  1.280e-02
 7.800e+02  3.500e+01  1.740e-02
 7.800e+02  4.000e+01  2.270e-02
 7.800e+02  4.500e+01  2.870e-02
 7.800e+02  5.000e+01  3.540e-02
 7.800e+02  5.500e+01  4.280e-02
 7.800e+02  6.000e+01  5.090e-02
