# mhp       tanbeta      NLO_xsec
 7.200e+02  1.000e-01  8.990e+00
 7.200e+02  2.000e-01  2.250e+00
 7.200e+02  3.000e-01  9.990e-01
 7.200e+02  4.000e-01  5.620e-01
 7.200e+02  5.000e-01  3.600e-01
 7.200e+02  6.000e-01  2.500e-01
 7.200e+02  7.000e-01  1.840e-01
 7.200e+02  8.000e-01  1.410e-01
 7.200e+02  9.000e-01  1.110e-01
 7.200e+02  1.000e+00  9.000e-02
 7.200e+02  2.000e+00  2.260e-02
 7.200e+02  3.000e+00  1.020e-02
 7.200e+02  4.000e+00  5.940e-03
 7.200e+02  5.000e+00  4.100e-03
 7.200e+02  6.000e+00  3.220e-03
 7.200e+02  7.000e+00  2.810e-03
 7.200e+02  8.000e+00  2.680e-03
 7.200e+02  9.000e+00  2.720e-03
 7.200e+02  1.000e+01  2.890e-03
 7.200e+02  1.100e+01  3.150e-03
 7.200e+02  1.200e+01  3.490e-03
 7.200e+02  1.300e+01  3.900e-03
 7.200e+02  1.400e+01  4.360e-03
 7.200e+02  1.500e+01  4.880e-03
 7.200e+02  1.600e+01  5.450e-03
 7.200e+02  1.700e+01  6.070e-03
 7.200e+02  1.800e+01  6.730e-03
 7.200e+02  1.900e+01  7.440e-03
 7.200e+02  2.000e+01  8.190e-03
 7.200e+02  2.500e+01  1.260e-02
 7.200e+02  3.000e+01  1.800e-02
 7.200e+02  3.500e+01  2.450e-02
 7.200e+02  4.000e+01  3.190e-02
 7.200e+02  4.500e+01  4.040e-02
 7.200e+02  5.000e+01  4.980e-02
 7.200e+02  5.500e+01  6.030e-02
 7.200e+02  6.000e+01  7.170e-02
