# mhp       tanbeta      NLO_xsec
 5.200e+02  1.000e-01  3.010e+01
 5.200e+02  2.000e-01  7.530e+00
 5.200e+02  3.000e-01  3.350e+00
 5.200e+02  4.000e-01  1.880e+00
 5.200e+02  5.000e-01  1.210e+00
 5.200e+02  6.000e-01  8.370e-01
 5.200e+02  7.000e-01  6.150e-01
 5.200e+02  8.000e-01  4.710e-01
 5.200e+02  9.000e-01  3.720e-01
 5.200e+02  1.000e+00  3.010e-01
 5.200e+02  2.000e+00  7.560e-02
 5.200e+02  3.000e+00  3.410e-02
 5.200e+02  4.000e+00  1.990e-02
 5.200e+02  5.000e+00  1.370e-02
 5.200e+02  6.000e+00  1.080e-02
 5.200e+02  7.000e+00  9.470e-03
 5.200e+02  8.000e+00  9.040e-03
 5.200e+02  9.000e+00  9.200e-03
 5.200e+02  1.000e+01  9.780e-03
 5.200e+02  1.100e+01  1.070e-02
 5.200e+02  1.200e+01  1.180e-02
 5.200e+02  1.300e+01  1.320e-02
 5.200e+02  1.400e+01  1.480e-02
 5.200e+02  1.500e+01  1.660e-02
 5.200e+02  1.600e+01  1.850e-02
 5.200e+02  1.700e+01  2.060e-02
 5.200e+02  1.800e+01  2.290e-02
 5.200e+02  1.900e+01  2.530e-02
 5.200e+02  2.000e+01  2.780e-02
 5.200e+02  2.500e+01  4.280e-02
 5.200e+02  3.000e+01  6.120e-02
 5.200e+02  3.500e+01  8.320e-02
 5.200e+02  4.000e+01  1.080e-01
 5.200e+02  4.500e+01  1.370e-01
 5.200e+02  5.000e+01  1.690e-01
 5.200e+02  5.500e+01  2.050e-01
 5.200e+02  6.000e+01  2.440e-01
