# mhp       tanbeta      NLO_xsec
 9.600e+02  1.000e-01  2.570e+00
 9.600e+02  2.000e-01  6.440e-01
 9.600e+02  3.000e-01  2.860e-01
 9.600e+02  4.000e-01  1.610e-01
 9.600e+02  5.000e-01  1.030e-01
 9.600e+02  6.000e-01  7.150e-02
 9.600e+02  7.000e-01  5.250e-02
 9.600e+02  8.000e-01  4.020e-02
 9.600e+02  9.000e-01  3.180e-02
 9.600e+02  1.000e+00  2.570e-02
 9.600e+02  2.000e+00  6.460e-03
 9.600e+02  3.000e+00  2.910e-03
 9.600e+02  4.000e+00  1.700e-03
 9.600e+02  5.000e+00  1.170e-03
 9.600e+02  6.000e+00  9.180e-04
 9.600e+02  7.000e+00  8.010e-04
 9.600e+02  8.000e+00  7.630e-04
 9.600e+02  9.000e+00  7.740e-04
 9.600e+02  1.000e+01  8.210e-04
 9.600e+02  1.100e+01  8.940e-04
 9.600e+02  1.200e+01  9.900e-04
 9.600e+02  1.300e+01  1.100e-03
 9.600e+02  1.400e+01  1.240e-03
 9.600e+02  1.500e+01  1.380e-03
 9.600e+02  1.600e+01  1.540e-03
 9.600e+02  1.700e+01  1.720e-03
 9.600e+02  1.800e+01  1.900e-03
 9.600e+02  1.900e+01  2.100e-03
 9.600e+02  2.000e+01  2.320e-03
 9.600e+02  2.500e+01  3.560e-03
 9.600e+02  3.000e+01  5.100e-03
 9.600e+02  3.500e+01  6.920e-03
 9.600e+02  4.000e+01  9.030e-03
 9.600e+02  4.500e+01  1.140e-02
 9.600e+02  5.000e+01  1.410e-02
 9.600e+02  5.500e+01  1.700e-02
 9.600e+02  6.000e+01  2.030e-02
