# mhp       tanbeta      NLO_xsec
 2.400e+02  1.000e-01  2.380e+02
 2.400e+02  2.000e-01  5.960e+01
 2.400e+02  3.000e-01  2.650e+01
 2.400e+02  4.000e-01  1.490e+01
 2.400e+02  5.000e-01  9.530e+00
 2.400e+02  6.000e-01  6.620e+00
 2.400e+02  7.000e-01  4.860e+00
 2.400e+02  8.000e-01  3.720e+00
 2.400e+02  9.000e-01  2.940e+00
 2.400e+02  1.000e+00  2.380e+00
 2.400e+02  2.000e+00  5.980e-01
 2.400e+02  3.000e+00  2.700e-01
 2.400e+02  4.000e+00  1.580e-01
 2.400e+02  5.000e+00  1.090e-01
 2.400e+02  6.000e+00  8.610e-02
 2.400e+02  7.000e+00  7.580e-02
 2.400e+02  8.000e+00  7.260e-02
 2.400e+02  9.000e+00  7.420e-02
 2.400e+02  1.000e+01  7.920e-02
 2.400e+02  1.100e+01  8.660e-02
 2.400e+02  1.200e+01  9.620e-02
 2.400e+02  1.300e+01  1.080e-01
 2.400e+02  1.400e+01  1.210e-01
 2.400e+02  1.500e+01  1.350e-01
 2.400e+02  1.600e+01  1.510e-01
 2.400e+02  1.700e+01  1.680e-01
 2.400e+02  1.800e+01  1.870e-01
 2.400e+02  1.900e+01  2.060e-01
 2.400e+02  2.000e+01  2.270e-01
 2.400e+02  2.500e+01  3.500e-01
 2.400e+02  3.000e+01  5.010e-01
 2.400e+02  3.500e+01  6.800e-01
 2.400e+02  4.000e+01  8.870e-01
 2.400e+02  4.500e+01  1.120e+00
 2.400e+02  5.000e+01  1.380e+00
 2.400e+02  5.500e+01  1.670e+00
 2.400e+02  6.000e+01  1.990e+00
