# mhp       tanbeta      NLO_xsec
 9.000e+02  1.000e-01  3.460e+00
 9.000e+02  2.000e-01  8.660e-01
 9.000e+02  3.000e-01  3.850e-01
 9.000e+02  4.000e-01  2.160e-01
 9.000e+02  5.000e-01  1.390e-01
 9.000e+02  6.000e-01  9.620e-02
 9.000e+02  7.000e-01  7.070e-02
 9.000e+02  8.000e-01  5.410e-02
 9.000e+02  9.000e-01  4.280e-02
 9.000e+02  1.000e+00  3.460e-02
 9.000e+02  2.000e+00  8.690e-03
 9.000e+02  3.000e+00  3.920e-03
 9.000e+02  4.000e+00  2.290e-03
 9.000e+02  5.000e+00  1.570e-03
 9.000e+02  6.000e+00  1.240e-03
 9.000e+02  7.000e+00  1.080e-03
 9.000e+02  8.000e+00  1.030e-03
 9.000e+02  9.000e+00  1.040e-03
 9.000e+02  1.000e+01  1.110e-03
 9.000e+02  1.100e+01  1.210e-03
 9.000e+02  1.200e+01  1.330e-03
 9.000e+02  1.300e+01  1.490e-03
 9.000e+02  1.400e+01  1.670e-03
 9.000e+02  1.500e+01  1.860e-03
 9.000e+02  1.600e+01  2.080e-03
 9.000e+02  1.700e+01  2.320e-03
 9.000e+02  1.800e+01  2.570e-03
 9.000e+02  1.900e+01  2.840e-03
 9.000e+02  2.000e+01  3.130e-03
 9.000e+02  2.500e+01  4.800e-03
 9.000e+02  3.000e+01  6.880e-03
 9.000e+02  3.500e+01  9.330e-03
 9.000e+02  4.000e+01  1.220e-02
 9.000e+02  4.500e+01  1.540e-02
 9.000e+02  5.000e+01  1.900e-02
 9.000e+02  5.500e+01  2.300e-02
 9.000e+02  6.000e+01  2.740e-02
