# mhp       tanbeta      NLO_xsec
 2.600e+02  1.000e-01  2.010e+02
 2.600e+02  2.000e-01  5.020e+01
 2.600e+02  3.000e-01  2.230e+01
 2.600e+02  4.000e-01  1.260e+01
 2.600e+02  5.000e-01  8.030e+00
 2.600e+02  6.000e-01  5.580e+00
 2.600e+02  7.000e-01  4.100e+00
 2.600e+02  8.000e-01  3.140e+00
 2.600e+02  9.000e-01  2.480e+00
 2.600e+02  1.000e+00  2.010e+00
 2.600e+02  2.000e+00  5.040e-01
 2.600e+02  3.000e+00  2.270e-01
 2.600e+02  4.000e+00  1.330e-01
 2.600e+02  5.000e+00  9.190e-02
 2.600e+02  6.000e+00  7.250e-02
 2.600e+02  7.000e+00  6.380e-02
 2.600e+02  8.000e+00  6.110e-02
 2.600e+02  9.000e+00  6.240e-02
 2.600e+02  1.000e+01  6.650e-02
 2.600e+02  1.100e+01  7.280e-02
 2.600e+02  1.200e+01  8.080e-02
 2.600e+02  1.300e+01  9.040e-02
 2.600e+02  1.400e+01  1.010e-01
 2.600e+02  1.500e+01  1.130e-01
 2.600e+02  1.600e+01  1.270e-01
 2.600e+02  1.700e+01  1.410e-01
 2.600e+02  1.800e+01  1.570e-01
 2.600e+02  1.900e+01  1.730e-01
 2.600e+02  2.000e+01  1.910e-01
 2.600e+02  2.500e+01  2.940e-01
 2.600e+02  3.000e+01  4.200e-01
 2.600e+02  3.500e+01  5.710e-01
 2.600e+02  4.000e+01  7.450e-01
 2.600e+02  4.500e+01  9.420e-01
 2.600e+02  5.000e+01  1.160e+00
 2.600e+02  5.500e+01  1.410e+00
 2.600e+02  6.000e+01  1.670e+00
