# mhp       tanbeta      NLO_xsec
 3.800e+02  1.000e-01  7.770e+01
 3.800e+02  2.000e-01  1.940e+01
 3.800e+02  3.000e-01  8.630e+00
 3.800e+02  4.000e-01  4.860e+00
 3.800e+02  5.000e-01  3.110e+00
 3.800e+02  6.000e-01  2.160e+00
 3.800e+02  7.000e-01  1.590e+00
 3.800e+02  8.000e-01  1.210e+00
 3.800e+02  9.000e-01  9.600e-01
 3.800e+02  1.000e+00  7.770e-01
 3.800e+02  2.000e+00  1.950e-01
 3.800e+02  3.000e+00  8.790e-02
 3.800e+02  4.000e+00  5.140e-02
 3.800e+02  5.000e+00  3.550e-02
 3.800e+02  6.000e+00  2.800e-02
 3.800e+02  7.000e+00  2.450e-02
 3.800e+02  8.000e+00  2.350e-02
 3.800e+02  9.000e+00  2.390e-02
 3.800e+02  1.000e+01  2.550e-02
 3.800e+02  1.100e+01  2.780e-02
 3.800e+02  1.200e+01  3.090e-02
 3.800e+02  1.300e+01  3.450e-02
 3.800e+02  1.400e+01  3.860e-02
 3.800e+02  1.500e+01  4.330e-02
 3.800e+02  1.600e+01  4.830e-02
 3.800e+02  1.700e+01  5.380e-02
 3.800e+02  1.800e+01  5.970e-02
 3.800e+02  1.900e+01  6.600e-02
 3.800e+02  2.000e+01  7.270e-02
 3.800e+02  2.500e+01  1.120e-01
 3.800e+02  3.000e+01  1.600e-01
 3.800e+02  3.500e+01  2.170e-01
 3.800e+02  4.000e+01  2.840e-01
 3.800e+02  4.500e+01  3.590e-01
 3.800e+02  5.000e+01  4.430e-01
 3.800e+02  5.500e+01  5.350e-01
 3.800e+02  6.000e+01  6.370e-01
