# mhp       tanbeta      NLO_xsec
 8.000e+02  1.000e-01  5.810e+00
 8.000e+02  2.000e-01  1.450e+00
 8.000e+02  3.000e-01  6.450e-01
 8.000e+02  4.000e-01  3.630e-01
 8.000e+02  5.000e-01  2.320e-01
 8.000e+02  6.000e-01  1.610e-01
 8.000e+02  7.000e-01  1.190e-01
 8.000e+02  8.000e-01  9.080e-02
 8.000e+02  9.000e-01  7.170e-02
 8.000e+02  1.000e+00  5.810e-02
 8.000e+02  2.000e+00  1.460e-02
 8.000e+02  3.000e+00  6.570e-03
 8.000e+02  4.000e+00  3.840e-03
 8.000e+02  5.000e+00  2.640e-03
 8.000e+02  6.000e+00  2.070e-03
 8.000e+02  7.000e+00  1.810e-03
 8.000e+02  8.000e+00  1.730e-03
 8.000e+02  9.000e+00  1.750e-03
 8.000e+02  1.000e+01  1.860e-03
 8.000e+02  1.100e+01  2.030e-03
 8.000e+02  1.200e+01  2.250e-03
 8.000e+02  1.300e+01  2.510e-03
 8.000e+02  1.400e+01  2.810e-03
 8.000e+02  1.500e+01  3.140e-03
 8.000e+02  1.600e+01  3.500e-03
 8.000e+02  1.700e+01  3.900e-03
 8.000e+02  1.800e+01  4.330e-03
 8.000e+02  1.900e+01  4.780e-03
 8.000e+02  2.000e+01  5.270e-03
 8.000e+02  2.500e+01  8.100e-03
 8.000e+02  3.000e+01  1.160e-02
 8.000e+02  3.500e+01  1.570e-02
 8.000e+02  4.000e+01  2.050e-02
 8.000e+02  4.500e+01  2.600e-02
 8.000e+02  5.000e+01  3.200e-02
 8.000e+02  5.500e+01  3.880e-02
 8.000e+02  6.000e+01  4.610e-02
