# mhp       tanbeta      NLO_xsec
 9.800e+02  1.000e-01  2.340e+00
 9.800e+02  2.000e-01  5.840e-01
 9.800e+02  3.000e-01  2.600e-01
 9.800e+02  4.000e-01  1.460e-01
 9.800e+02  5.000e-01  9.350e-02
 9.800e+02  6.000e-01  6.490e-02
 9.800e+02  7.000e-01  4.770e-02
 9.800e+02  8.000e-01  3.650e-02
 9.800e+02  9.000e-01  2.880e-02
 9.800e+02  1.000e+00  2.340e-02
 9.800e+02  2.000e+00  5.860e-03
 9.800e+02  3.000e+00  2.640e-03
 9.800e+02  4.000e+00  1.540e-03
 9.800e+02  5.000e+00  1.060e-03
 9.800e+02  6.000e+00  8.330e-04
 9.800e+02  7.000e+00  7.270e-04
 9.800e+02  8.000e+00  6.920e-04
 9.800e+02  9.000e+00  7.020e-04
 9.800e+02  1.000e+01  7.440e-04
 9.800e+02  1.100e+01  8.110e-04
 9.800e+02  1.200e+01  8.980e-04
 9.800e+02  1.300e+01  1.000e-03
 9.800e+02  1.400e+01  1.120e-03
 9.800e+02  1.500e+01  1.250e-03
 9.800e+02  1.600e+01  1.400e-03
 9.800e+02  1.700e+01  1.560e-03
 9.800e+02  1.800e+01  1.730e-03
 9.800e+02  1.900e+01  1.910e-03
 9.800e+02  2.000e+01  2.100e-03
 9.800e+02  2.500e+01  3.230e-03
 9.800e+02  3.000e+01  4.620e-03
 9.800e+02  3.500e+01  6.280e-03
 9.800e+02  4.000e+01  8.190e-03
 9.800e+02  4.500e+01  1.040e-02
 9.800e+02  5.000e+01  1.280e-02
 9.800e+02  5.500e+01  1.550e-02
 9.800e+02  6.000e+01  1.840e-02
