# mhp       tanbeta      NLO_xsec
 2.200e+02  1.000e-01  2.950e+02
 2.200e+02  2.000e-01  7.370e+01
 2.200e+02  3.000e-01  3.270e+01
 2.200e+02  4.000e-01  1.840e+01
 2.200e+02  5.000e-01  1.180e+01
 2.200e+02  6.000e-01  8.180e+00
 2.200e+02  7.000e-01  6.010e+00
 2.200e+02  8.000e-01  4.600e+00
 2.200e+02  9.000e-01  3.640e+00
 2.200e+02  1.000e+00  2.950e+00
 2.200e+02  2.000e+00  7.390e-01
 2.200e+02  3.000e+00  3.340e-01
 2.200e+02  4.000e+00  1.950e-01
 2.200e+02  5.000e+00  1.350e-01
 2.200e+02  6.000e+00  1.070e-01
 2.200e+02  7.000e+00  9.370e-02
 2.200e+02  8.000e+00  8.990e-02
 2.200e+02  9.000e+00  9.190e-02
 2.200e+02  1.000e+01  9.810e-02
 2.200e+02  1.100e+01  1.070e-01
 2.200e+02  1.200e+01  1.190e-01
 2.200e+02  1.300e+01  1.330e-01
 2.200e+02  1.400e+01  1.490e-01
 2.200e+02  1.500e+01  1.670e-01
 2.200e+02  1.600e+01  1.870e-01
 2.200e+02  1.700e+01  2.080e-01
 2.200e+02  1.800e+01  2.310e-01
 2.200e+02  1.900e+01  2.560e-01
 2.200e+02  2.000e+01  2.820e-01
 2.200e+02  2.500e+01  4.330e-01
 2.200e+02  3.000e+01  6.210e-01
 2.200e+02  3.500e+01  8.430e-01
 2.200e+02  4.000e+01  1.100e+00
 2.200e+02  4.500e+01  1.390e+00
 2.200e+02  5.000e+01  1.720e+00
 2.200e+02  5.500e+01  2.080e+00
 2.200e+02  6.000e+01  2.470e+00
