# mhp       tanbeta      NLO_xsec
 4.200e+02  1.000e-01  5.970e+01
 4.200e+02  2.000e-01  1.490e+01
 4.200e+02  3.000e-01  6.640e+00
 4.200e+02  4.000e-01  3.730e+00
 4.200e+02  5.000e-01  2.390e+00
 4.200e+02  6.000e-01  1.660e+00
 4.200e+02  7.000e-01  1.220e+00
 4.200e+02  8.000e-01  9.340e-01
 4.200e+02  9.000e-01  7.380e-01
 4.200e+02  1.000e+00  5.980e-01
 4.200e+02  2.000e+00  1.500e-01
 4.200e+02  3.000e+00  6.760e-02
 4.200e+02  4.000e+00  3.950e-02
 4.200e+02  5.000e+00  2.730e-02
 4.200e+02  6.000e+00  2.150e-02
 4.200e+02  7.000e+00  1.880e-02
 4.200e+02  8.000e+00  1.800e-02
 4.200e+02  9.000e+00  1.830e-02
 4.200e+02  1.000e+01  1.950e-02
 4.200e+02  1.100e+01  2.130e-02
 4.200e+02  1.200e+01  2.370e-02
 4.200e+02  1.300e+01  2.640e-02
 4.200e+02  1.400e+01  2.960e-02
 4.200e+02  1.500e+01  3.310e-02
 4.200e+02  1.600e+01  3.700e-02
 4.200e+02  1.700e+01  4.120e-02
 4.200e+02  1.800e+01  4.570e-02
 4.200e+02  1.900e+01  5.050e-02
 4.200e+02  2.000e+01  5.570e-02
 4.200e+02  2.500e+01  8.560e-02
 4.200e+02  3.000e+01  1.230e-01
 4.200e+02  3.500e+01  1.660e-01
 4.200e+02  4.000e+01  2.170e-01
 4.200e+02  4.500e+01  2.750e-01
 4.200e+02  5.000e+01  3.390e-01
 4.200e+02  5.500e+01  4.100e-01
 4.200e+02  6.000e+01  4.880e-01
