# mhp       tanbeta      NLO_xsec
 5.600e+02  1.000e-01  2.390e+01
 5.600e+02  2.000e-01  5.970e+00
 5.600e+02  3.000e-01  2.660e+00
 5.600e+02  4.000e-01  1.490e+00
 5.600e+02  5.000e-01  9.560e-01
 5.600e+02  6.000e-01  6.640e-01
 5.600e+02  7.000e-01  4.880e-01
 5.600e+02  8.000e-01  3.730e-01
 5.600e+02  9.000e-01  2.950e-01
 5.600e+02  1.000e+00  2.390e-01
 5.600e+02  2.000e+00  6.000e-02
 5.600e+02  3.000e+00  2.700e-02
 5.600e+02  4.000e+00  1.580e-02
 5.600e+02  5.000e+00  1.090e-02
 5.600e+02  6.000e+00  8.530e-03
 5.600e+02  7.000e+00  7.450e-03
 5.600e+02  8.000e+00  7.090e-03
 5.600e+02  9.000e+00  7.200e-03
 5.600e+02  1.000e+01  7.630e-03
 5.600e+02  1.100e+01  8.320e-03
 5.600e+02  1.200e+01  9.210e-03
 5.600e+02  1.300e+01  1.030e-02
 5.600e+02  1.400e+01  1.150e-02
 5.600e+02  1.500e+01  1.290e-02
 5.600e+02  1.600e+01  1.440e-02
 5.600e+02  1.700e+01  1.600e-02
 5.600e+02  1.800e+01  1.770e-02
 5.600e+02  1.900e+01  1.960e-02
 5.600e+02  2.000e+01  2.160e-02
 5.600e+02  2.500e+01  3.310e-02
 5.600e+02  3.000e+01  4.740e-02
 5.600e+02  3.500e+01  6.440e-02
 5.600e+02  4.000e+01  8.400e-02
 5.600e+02  4.500e+01  1.060e-01
 5.600e+02  5.000e+01  1.310e-01
 5.600e+02  5.500e+01  1.590e-01
 5.600e+02  6.000e+01  1.890e-01
