# mhp       tanbeta      NLO_xsec
 9.200e+02  1.000e-01  3.150e+00
 9.200e+02  2.000e-01  7.870e-01
 9.200e+02  3.000e-01  3.500e-01
 9.200e+02  4.000e-01  1.970e-01
 9.200e+02  5.000e-01  1.260e-01
 9.200e+02  6.000e-01  8.740e-02
 9.200e+02  7.000e-01  6.420e-02
 9.200e+02  8.000e-01  4.920e-02
 9.200e+02  9.000e-01  3.890e-02
 9.200e+02  1.000e+00  3.150e-02
 9.200e+02  2.000e+00  7.900e-03
 9.200e+02  3.000e+00  3.560e-03
 9.200e+02  4.000e+00  2.080e-03
 9.200e+02  5.000e+00  1.430e-03
 9.200e+02  6.000e+00  1.120e-03
 9.200e+02  7.000e+00  9.800e-04
 9.200e+02  8.000e+00  9.330e-04
 9.200e+02  9.000e+00  9.470e-04
 9.200e+02  1.000e+01  1.000e-03
 9.200e+02  1.100e+01  1.090e-03
 9.200e+02  1.200e+01  1.210e-03
 9.200e+02  1.300e+01  1.350e-03
 9.200e+02  1.400e+01  1.510e-03
 9.200e+02  1.500e+01  1.690e-03
 9.200e+02  1.600e+01  1.890e-03
 9.200e+02  1.700e+01  2.100e-03
 9.200e+02  1.800e+01  2.330e-03
 9.200e+02  1.900e+01  2.580e-03
 9.200e+02  2.000e+01  2.840e-03
 9.200e+02  2.500e+01  4.360e-03
 9.200e+02  3.000e+01  6.240e-03
 9.200e+02  3.500e+01  8.480e-03
 9.200e+02  4.000e+01  1.110e-02
 9.200e+02  4.500e+01  1.400e-02
 9.200e+02  5.000e+01  1.730e-02
 9.200e+02  5.500e+01  2.090e-02
 9.200e+02  6.000e+01  2.480e-02
