# mhp       tanbeta      NLO_xsec
 3.800e+02  1.000e-01  8.000e+01
 3.800e+02  2.000e-01  2.000e+01
 3.800e+02  3.000e-01  8.890e+00
 3.800e+02  4.000e-01  5.000e+00
 3.800e+02  5.000e-01  3.200e+00
 3.800e+02  6.000e-01  2.220e+00
 3.800e+02  7.000e-01  1.630e+00
 3.800e+02  8.000e-01  1.250e+00
 3.800e+02  9.000e-01  9.880e-01
 3.800e+02  1.000e+00  8.010e-01
 3.800e+02  2.000e+00  2.010e-01
 3.800e+02  3.000e+00  9.060e-02
 3.800e+02  4.000e+00  5.290e-02
 3.800e+02  5.000e+00  3.660e-02
 3.800e+02  6.000e+00  2.880e-02
 3.800e+02  7.000e+00  2.530e-02
 3.800e+02  8.000e+00  2.420e-02
 3.800e+02  9.000e+00  2.460e-02
 3.800e+02  1.000e+01  2.620e-02
 3.800e+02  1.100e+01  2.870e-02
 3.800e+02  1.200e+01  3.180e-02
 3.800e+02  1.300e+01  3.550e-02
 3.800e+02  1.400e+01  3.980e-02
 3.800e+02  1.500e+01  4.460e-02
 3.800e+02  1.600e+01  4.980e-02
 3.800e+02  1.700e+01  5.540e-02
 3.800e+02  1.800e+01  6.150e-02
 3.800e+02  1.900e+01  6.800e-02
 3.800e+02  2.000e+01  7.490e-02
 3.800e+02  2.500e+01  1.150e-01
 3.800e+02  3.000e+01  1.650e-01
 3.800e+02  3.500e+01  2.240e-01
 3.800e+02  4.000e+01  2.920e-01
 3.800e+02  4.500e+01  3.690e-01
 3.800e+02  5.000e+01  4.560e-01
 3.800e+02  5.500e+01  5.520e-01
 3.800e+02  6.000e+01  6.560e-01
