# mhp       tanbeta      NLO_xsec
 9.400e+02  1.000e-01  2.830e+00
 9.400e+02  2.000e-01  7.080e-01
 9.400e+02  3.000e-01  3.150e-01
 9.400e+02  4.000e-01  1.770e-01
 9.400e+02  5.000e-01  1.130e-01
 9.400e+02  6.000e-01  7.870e-02
 9.400e+02  7.000e-01  5.780e-02
 9.400e+02  8.000e-01  4.430e-02
 9.400e+02  9.000e-01  3.500e-02
 9.400e+02  1.000e+00  2.830e-02
 9.400e+02  2.000e+00  7.110e-03
 9.400e+02  3.000e+00  3.200e-03
 9.400e+02  4.000e+00  1.870e-03
 9.400e+02  5.000e+00  1.290e-03
 9.400e+02  6.000e+00  1.010e-03
 9.400e+02  7.000e+00  8.760e-04
 9.400e+02  8.000e+00  8.320e-04
 9.400e+02  9.000e+00  8.420e-04
 9.400e+02  1.000e+01  8.910e-04
 9.400e+02  1.100e+01  9.700e-04
 9.400e+02  1.200e+01  1.070e-03
 9.400e+02  1.300e+01  1.200e-03
 9.400e+02  1.400e+01  1.340e-03
 9.400e+02  1.500e+01  1.490e-03
 9.400e+02  1.600e+01  1.670e-03
 9.400e+02  1.700e+01  1.860e-03
 9.400e+02  1.800e+01  2.060e-03
 9.400e+02  1.900e+01  2.270e-03
 9.400e+02  2.000e+01  2.500e-03
 9.400e+02  2.500e+01  3.850e-03
 9.400e+02  3.000e+01  5.510e-03
 9.400e+02  3.500e+01  7.470e-03
 9.400e+02  4.000e+01  9.750e-03
 9.400e+02  4.500e+01  1.230e-02
 9.400e+02  5.000e+01  1.520e-02
 9.400e+02  5.500e+01  1.840e-02
 9.400e+02  6.000e+01  2.190e-02
