# mhp       tanbeta      NLO_xsec
 2.800e+02  1.000e-01  1.700e+02
 2.800e+02  2.000e-01  4.250e+01
 2.800e+02  3.000e-01  1.890e+01
 2.800e+02  4.000e-01  1.060e+01
 2.800e+02  5.000e-01  6.800e+00
 2.800e+02  6.000e-01  4.720e+00
 2.800e+02  7.000e-01  3.470e+00
 2.800e+02  8.000e-01  2.660e+00
 2.800e+02  9.000e-01  2.100e+00
 2.800e+02  1.000e+00  1.700e+00
 2.800e+02  2.000e+00  4.270e-01
 2.800e+02  3.000e+00  1.920e-01
 2.800e+02  4.000e+00  1.130e-01
 2.800e+02  5.000e+00  7.780e-02
 2.800e+02  6.000e+00  6.130e-02
 2.800e+02  7.000e+00  5.390e-02
 2.800e+02  8.000e+00  5.170e-02
 2.800e+02  9.000e+00  5.280e-02
 2.800e+02  1.000e+01  5.620e-02
 2.800e+02  1.100e+01  6.150e-02
 2.800e+02  1.200e+01  6.830e-02
 2.800e+02  1.300e+01  7.630e-02
 2.800e+02  1.400e+01  8.550e-02
 2.800e+02  1.500e+01  9.580e-02
 2.800e+02  1.600e+01  1.070e-01
 2.800e+02  1.700e+01  1.190e-01
 2.800e+02  1.800e+01  1.320e-01
 2.800e+02  1.900e+01  1.460e-01
 2.800e+02  2.000e+01  1.610e-01
 2.800e+02  2.500e+01  2.480e-01
 2.800e+02  3.000e+01  3.550e-01
 2.800e+02  3.500e+01  4.820e-01
 2.800e+02  4.000e+01  6.290e-01
 2.800e+02  4.500e+01  7.950e-01
 2.800e+02  5.000e+01  9.810e-01
 2.800e+02  5.500e+01  1.190e+00
 2.800e+02  6.000e+01  1.410e+00
