# mhp       tanbeta      NLO_xsec
 8.400e+02  1.000e-01  4.700e+00
 8.400e+02  2.000e-01  1.170e+00
 8.400e+02  3.000e-01  5.220e-01
 8.400e+02  4.000e-01  2.940e-01
 8.400e+02  5.000e-01  1.880e-01
 8.400e+02  6.000e-01  1.310e-01
 8.400e+02  7.000e-01  9.590e-02
 8.400e+02  8.000e-01  7.340e-02
 8.400e+02  9.000e-01  5.800e-02
 8.400e+02  1.000e+00  4.700e-02
 8.400e+02  2.000e+00  1.180e-02
 8.400e+02  3.000e+00  5.310e-03
 8.400e+02  4.000e+00  3.100e-03
 8.400e+02  5.000e+00  2.140e-03
 8.400e+02  6.000e+00  1.680e-03
 8.400e+02  7.000e+00  1.470e-03
 8.400e+02  8.000e+00  1.400e-03
 8.400e+02  9.000e+00  1.420e-03
 8.400e+02  1.000e+01  1.500e-03
 8.400e+02  1.100e+01  1.640e-03
 8.400e+02  1.200e+01  1.810e-03
 8.400e+02  1.300e+01  2.020e-03
 8.400e+02  1.400e+01  2.270e-03
 8.400e+02  1.500e+01  2.530e-03
 8.400e+02  1.600e+01  2.830e-03
 8.400e+02  1.700e+01  3.150e-03
 8.400e+02  1.800e+01  3.490e-03
 8.400e+02  1.900e+01  3.860e-03
 8.400e+02  2.000e+01  4.250e-03
 8.400e+02  2.500e+01  6.530e-03
 8.400e+02  3.000e+01  9.350e-03
 8.400e+02  3.500e+01  1.270e-02
 8.400e+02  4.000e+01  1.660e-02
 8.400e+02  4.500e+01  2.090e-02
 8.400e+02  5.000e+01  2.590e-02
 8.400e+02  5.500e+01  3.130e-02
 8.400e+02  6.000e+01  3.720e-02
