# mhp       tanbeta      NLO_xsec
 9.800e+02  1.000e-01  2.360e+00
 9.800e+02  2.000e-01  5.900e-01
 9.800e+02  3.000e-01  2.620e-01
 9.800e+02  4.000e-01  1.470e-01
 9.800e+02  5.000e-01  9.440e-02
 9.800e+02  6.000e-01  6.550e-02
 9.800e+02  7.000e-01  4.810e-02
 9.800e+02  8.000e-01  3.690e-02
 9.800e+02  9.000e-01  2.910e-02
 9.800e+02  1.000e+00  2.360e-02
 9.800e+02  2.000e+00  5.920e-03
 9.800e+02  3.000e+00  2.670e-03
 9.800e+02  4.000e+00  1.560e-03
 9.800e+02  5.000e+00  1.070e-03
 9.800e+02  6.000e+00  8.410e-04
 9.800e+02  7.000e+00  7.340e-04
 9.800e+02  8.000e+00  6.990e-04
 9.800e+02  9.000e+00  7.090e-04
 9.800e+02  1.000e+01  7.510e-04
 9.800e+02  1.100e+01  8.190e-04
 9.800e+02  1.200e+01  9.060e-04
 9.800e+02  1.300e+01  1.010e-03
 9.800e+02  1.400e+01  1.130e-03
 9.800e+02  1.500e+01  1.260e-03
 9.800e+02  1.600e+01  1.410e-03
 9.800e+02  1.700e+01  1.570e-03
 9.800e+02  1.800e+01  1.740e-03
 9.800e+02  1.900e+01  1.930e-03
 9.800e+02  2.000e+01  2.120e-03
 9.800e+02  2.500e+01  3.260e-03
 9.800e+02  3.000e+01  4.670e-03
 9.800e+02  3.500e+01  6.330e-03
 9.800e+02  4.000e+01  8.260e-03
 9.800e+02  4.500e+01  1.050e-02
 9.800e+02  5.000e+01  1.290e-02
 9.800e+02  5.500e+01  1.560e-02
 9.800e+02  6.000e+01  1.860e-02
