# mhp       tanbeta      NLO_xsec
 9.200e+02  1.000e-01  3.130e+00
 9.200e+02  2.000e-01  7.830e-01
 9.200e+02  3.000e-01  3.480e-01
 9.200e+02  4.000e-01  1.960e-01
 9.200e+02  5.000e-01  1.250e-01
 9.200e+02  6.000e-01  8.700e-02
 9.200e+02  7.000e-01  6.390e-02
 9.200e+02  8.000e-01  4.900e-02
 9.200e+02  9.000e-01  3.870e-02
 9.200e+02  1.000e+00  3.130e-02
 9.200e+02  2.000e+00  7.860e-03
 9.200e+02  3.000e+00  3.540e-03
 9.200e+02  4.000e+00  2.070e-03
 9.200e+02  5.000e+00  1.420e-03
 9.200e+02  6.000e+00  1.110e-03
 9.200e+02  7.000e+00  9.690e-04
 9.200e+02  8.000e+00  9.200e-04
 9.200e+02  9.000e+00  9.320e-04
 9.200e+02  1.000e+01  9.860e-04
 9.200e+02  1.100e+01  1.070e-03
 9.200e+02  1.200e+01  1.190e-03
 9.200e+02  1.300e+01  1.320e-03
 9.200e+02  1.400e+01  1.480e-03
 9.200e+02  1.500e+01  1.650e-03
 9.200e+02  1.600e+01  1.850e-03
 9.200e+02  1.700e+01  2.050e-03
 9.200e+02  1.800e+01  2.280e-03
 9.200e+02  1.900e+01  2.520e-03
 9.200e+02  2.000e+01  2.770e-03
 9.200e+02  2.500e+01  4.260e-03
 9.200e+02  3.000e+01  6.090e-03
 9.200e+02  3.500e+01  8.270e-03
 9.200e+02  4.000e+01  1.080e-02
 9.200e+02  4.500e+01  1.360e-02
 9.200e+02  5.000e+01  1.680e-02
 9.200e+02  5.500e+01  2.040e-02
 9.200e+02  6.000e+01  2.420e-02
