# mhp       tanbeta      NLO_xsec
 5.400e+02  1.000e-01  2.650e+01
 5.400e+02  2.000e-01  6.620e+00
 5.400e+02  3.000e-01  2.940e+00
 5.400e+02  4.000e-01  1.650e+00
 5.400e+02  5.000e-01  1.060e+00
 5.400e+02  6.000e-01  7.350e-01
 5.400e+02  7.000e-01  5.400e-01
 5.400e+02  8.000e-01  4.140e-01
 5.400e+02  9.000e-01  3.270e-01
 5.400e+02  1.000e+00  2.650e-01
 5.400e+02  2.000e+00  6.640e-02
 5.400e+02  3.000e+00  2.990e-02
 5.400e+02  4.000e+00  1.750e-02
 5.400e+02  5.000e+00  1.210e-02
 5.400e+02  6.000e+00  9.490e-03
 5.400e+02  7.000e+00  8.310e-03
 5.400e+02  8.000e+00  7.930e-03
 5.400e+02  9.000e+00  8.070e-03
 5.400e+02  1.000e+01  8.580e-03
 5.400e+02  1.100e+01  9.370e-03
 5.400e+02  1.200e+01  1.040e-02
 5.400e+02  1.300e+01  1.160e-02
 5.400e+02  1.400e+01  1.300e-02
 5.400e+02  1.500e+01  1.450e-02
 5.400e+02  1.600e+01  1.620e-02
 5.400e+02  1.700e+01  1.810e-02
 5.400e+02  1.800e+01  2.000e-02
 5.400e+02  1.900e+01  2.220e-02
 5.400e+02  2.000e+01  2.440e-02
 5.400e+02  2.500e+01  3.750e-02
 5.400e+02  3.000e+01  5.370e-02
 5.400e+02  3.500e+01  7.290e-02
 5.400e+02  4.000e+01  9.510e-02
 5.400e+02  4.500e+01  1.200e-01
 5.400e+02  5.000e+01  1.480e-01
 5.400e+02  5.500e+01  1.800e-01
 5.400e+02  6.000e+01  2.140e-01
