# mhp       tanbeta      NLO_xsec
 4.600e+02  1.000e-01  4.510e+01
 4.600e+02  2.000e-01  1.130e+01
 4.600e+02  3.000e-01  5.010e+00
 4.600e+02  4.000e-01  2.820e+00
 4.600e+02  5.000e-01  1.800e+00
 4.600e+02  6.000e-01  1.250e+00
 4.600e+02  7.000e-01  9.200e-01
 4.600e+02  8.000e-01  7.050e-01
 4.600e+02  9.000e-01  5.570e-01
 4.600e+02  1.000e+00  4.510e-01
 4.600e+02  2.000e+00  1.130e-01
 4.600e+02  3.000e+00  5.100e-02
 4.600e+02  4.000e+00  2.980e-02
 4.600e+02  5.000e+00  2.060e-02
 4.600e+02  6.000e+00  1.620e-02
 4.600e+02  7.000e+00  1.420e-02
 4.600e+02  8.000e+00  1.360e-02
 4.600e+02  9.000e+00  1.380e-02
 4.600e+02  1.000e+01  1.470e-02
 4.600e+02  1.100e+01  1.600e-02
 4.600e+02  1.200e+01  1.780e-02
 4.600e+02  1.300e+01  1.990e-02
 4.600e+02  1.400e+01  2.230e-02
 4.600e+02  1.500e+01  2.490e-02
 4.600e+02  1.600e+01  2.780e-02
 4.600e+02  1.700e+01  3.100e-02
 4.600e+02  1.800e+01  3.440e-02
 4.600e+02  1.900e+01  3.800e-02
 4.600e+02  2.000e+01  4.190e-02
 4.600e+02  2.500e+01  6.440e-02
 4.600e+02  3.000e+01  9.210e-02
 4.600e+02  3.500e+01  1.250e-01
 4.600e+02  4.000e+01  1.630e-01
 4.600e+02  4.500e+01  2.060e-01
 4.600e+02  5.000e+01  2.550e-01
 4.600e+02  5.500e+01  3.080e-01
 4.600e+02  6.000e+01  3.670e-01
