# mhp       tanbeta      NLO_xsec
 1.000e+03  1.000e-01  2.120e+00
 1.000e+03  2.000e-01  5.310e-01
 1.000e+03  3.000e-01  2.360e-01
 1.000e+03  4.000e-01  1.330e-01
 1.000e+03  5.000e-01  8.490e-02
 1.000e+03  6.000e-01  5.900e-02
 1.000e+03  7.000e-01  4.330e-02
 1.000e+03  8.000e-01  3.320e-02
 1.000e+03  9.000e-01  2.620e-02
 1.000e+03  1.000e+00  2.120e-02
 1.000e+03  2.000e+00  5.330e-03
 1.000e+03  3.000e+00  2.400e-03
 1.000e+03  4.000e+00  1.400e-03
 1.000e+03  5.000e+00  9.650e-04
 1.000e+03  6.000e+00  7.570e-04
 1.000e+03  7.000e+00  6.610e-04
 1.000e+03  8.000e+00  6.290e-04
 1.000e+03  9.000e+00  6.380e-04
 1.000e+03  1.000e+01  6.760e-04
 1.000e+03  1.100e+01  7.370e-04
 1.000e+03  1.200e+01  8.150e-04
 1.000e+03  1.300e+01  9.090e-04
 1.000e+03  1.400e+01  1.020e-03
 1.000e+03  1.500e+01  1.140e-03
 1.000e+03  1.600e+01  1.270e-03
 1.000e+03  1.700e+01  1.410e-03
 1.000e+03  1.800e+01  1.570e-03
 1.000e+03  1.900e+01  1.730e-03
 1.000e+03  2.000e+01  1.910e-03
 1.000e+03  2.500e+01  2.930e-03
 1.000e+03  3.000e+01  4.200e-03
 1.000e+03  3.500e+01  5.700e-03
 1.000e+03  4.000e+01  7.430e-03
 1.000e+03  4.500e+01  9.400e-03
 1.000e+03  5.000e+01  1.160e-02
 1.000e+03  5.500e+01  1.400e-02
 1.000e+03  6.000e+01  1.670e-02
