# mhp       tanbeta      NLO_xsec
 6.000e+02  1.000e-01  1.860e+01
 6.000e+02  2.000e-01  4.650e+00
 6.000e+02  3.000e-01  2.070e+00
 6.000e+02  4.000e-01  1.160e+00
 6.000e+02  5.000e-01  7.440e-01
 6.000e+02  6.000e-01  5.160e-01
 6.000e+02  7.000e-01  3.790e-01
 6.000e+02  8.000e-01  2.910e-01
 6.000e+02  9.000e-01  2.300e-01
 6.000e+02  1.000e+00  1.860e-01
 6.000e+02  2.000e+00  4.660e-02
 6.000e+02  3.000e+00  2.100e-02
 6.000e+02  4.000e+00  1.230e-02
 6.000e+02  5.000e+00  8.450e-03
 6.000e+02  6.000e+00  6.630e-03
 6.000e+02  7.000e+00  5.790e-03
 6.000e+02  8.000e+00  5.510e-03
 6.000e+02  9.000e+00  5.590e-03
 6.000e+02  1.000e+01  5.920e-03
 6.000e+02  1.100e+01  6.460e-03
 6.000e+02  1.200e+01  7.150e-03
 6.000e+02  1.300e+01  7.970e-03
 6.000e+02  1.400e+01  8.920e-03
 6.000e+02  1.500e+01  9.970e-03
 6.000e+02  1.600e+01  1.110e-02
 6.000e+02  1.700e+01  1.240e-02
 6.000e+02  1.800e+01  1.370e-02
 6.000e+02  1.900e+01  1.520e-02
 6.000e+02  2.000e+01  1.670e-02
 6.000e+02  2.500e+01  2.570e-02
 6.000e+02  3.000e+01  3.680e-02
 6.000e+02  3.500e+01  5.000e-02
 6.000e+02  4.000e+01  6.520e-02
 6.000e+02  4.500e+01  8.240e-02
 6.000e+02  5.000e+01  1.020e-01
 6.000e+02  5.500e+01  1.230e-01
 6.000e+02  6.000e+01  1.460e-01
