# mhp       tanbeta      NLO_xsec
 8.800e+02  1.000e-01  3.830e+00
 8.800e+02  2.000e-01  9.580e-01
 8.800e+02  3.000e-01  4.260e-01
 8.800e+02  4.000e-01  2.390e-01
 8.800e+02  5.000e-01  1.530e-01
 8.800e+02  6.000e-01  1.060e-01
 8.800e+02  7.000e-01  7.820e-02
 8.800e+02  8.000e-01  5.990e-02
 8.800e+02  9.000e-01  4.730e-02
 8.800e+02  1.000e+00  3.830e-02
 8.800e+02  2.000e+00  9.610e-03
 8.800e+02  3.000e+00  4.330e-03
 8.800e+02  4.000e+00  2.530e-03
 8.800e+02  5.000e+00  1.740e-03
 8.800e+02  6.000e+00  1.370e-03
 8.800e+02  7.000e+00  1.190e-03
 8.800e+02  8.000e+00  1.140e-03
 8.800e+02  9.000e+00  1.150e-03
 8.800e+02  1.000e+01  1.220e-03
 8.800e+02  1.100e+01  1.330e-03
 8.800e+02  1.200e+01  1.480e-03
 8.800e+02  1.300e+01  1.650e-03
 8.800e+02  1.400e+01  1.840e-03
 8.800e+02  1.500e+01  2.060e-03
 8.800e+02  1.600e+01  2.300e-03
 8.800e+02  1.700e+01  2.560e-03
 8.800e+02  1.800e+01  2.840e-03
 8.800e+02  1.900e+01  3.140e-03
 8.800e+02  2.000e+01  3.460e-03
 8.800e+02  2.500e+01  5.320e-03
 8.800e+02  3.000e+01  7.610e-03
 8.800e+02  3.500e+01  1.030e-02
 8.800e+02  4.000e+01  1.350e-02
 8.800e+02  4.500e+01  1.710e-02
 8.800e+02  5.000e+01  2.100e-02
 8.800e+02  5.500e+01  2.550e-02
 8.800e+02  6.000e+01  3.030e-02
