# mhp       tanbeta      NLO_xsec
 7.400e+02  1.000e-01  8.160e+00
 7.400e+02  2.000e-01  2.040e+00
 7.400e+02  3.000e-01  9.070e-01
 7.400e+02  4.000e-01  5.100e-01
 7.400e+02  5.000e-01  3.260e-01
 7.400e+02  6.000e-01  2.270e-01
 7.400e+02  7.000e-01  1.670e-01
 7.400e+02  8.000e-01  1.280e-01
 7.400e+02  9.000e-01  1.010e-01
 7.400e+02  1.000e+00  8.160e-02
 7.400e+02  2.000e+00  2.050e-02
 7.400e+02  3.000e+00  9.230e-03
 7.400e+02  4.000e+00  5.380e-03
 7.400e+02  5.000e+00  3.710e-03
 7.400e+02  6.000e+00  2.900e-03
 7.400e+02  7.000e+00  2.530e-03
 7.400e+02  8.000e+00  2.410e-03
 7.400e+02  9.000e+00  2.440e-03
 7.400e+02  1.000e+01  2.580e-03
 7.400e+02  1.100e+01  2.810e-03
 7.400e+02  1.200e+01  3.110e-03
 7.400e+02  1.300e+01  3.470e-03
 7.400e+02  1.400e+01  3.880e-03
 7.400e+02  1.500e+01  4.340e-03
 7.400e+02  1.600e+01  4.850e-03
 7.400e+02  1.700e+01  5.390e-03
 7.400e+02  1.800e+01  5.980e-03
 7.400e+02  1.900e+01  6.610e-03
 7.400e+02  2.000e+01  7.280e-03
 7.400e+02  2.500e+01  1.120e-02
 7.400e+02  3.000e+01  1.600e-02
 7.400e+02  3.500e+01  2.170e-02
 7.400e+02  4.000e+01  2.840e-02
 7.400e+02  4.500e+01  3.590e-02
 7.400e+02  5.000e+01  4.430e-02
 7.400e+02  5.500e+01  5.350e-02
 7.400e+02  6.000e+01  6.370e-02
