# mhp       tanbeta      NLO_xsec
 2.600e+02  1.000e-01  2.080e+02
 2.600e+02  2.000e-01  5.190e+01
 2.600e+02  3.000e-01  2.310e+01
 2.600e+02  4.000e-01  1.300e+01
 2.600e+02  5.000e-01  8.310e+00
 2.600e+02  6.000e-01  5.770e+00
 2.600e+02  7.000e-01  4.240e+00
 2.600e+02  8.000e-01  3.250e+00
 2.600e+02  9.000e-01  2.570e+00
 2.600e+02  1.000e+00  2.080e+00
 2.600e+02  2.000e+00  5.210e-01
 2.600e+02  3.000e+00  2.350e-01
 2.600e+02  4.000e+00  1.380e-01
 2.600e+02  5.000e+00  9.510e-02
 2.600e+02  6.000e+00  7.500e-02
 2.600e+02  7.000e+00  6.600e-02
 2.600e+02  8.000e+00  6.320e-02
 2.600e+02  9.000e+00  6.460e-02
 2.600e+02  1.000e+01  6.880e-02
 2.600e+02  1.100e+01  7.530e-02
 2.600e+02  1.200e+01  8.360e-02
 2.600e+02  1.300e+01  9.350e-02
 2.600e+02  1.400e+01  1.050e-01
 2.600e+02  1.500e+01  1.170e-01
 2.600e+02  1.600e+01  1.310e-01
 2.600e+02  1.700e+01  1.460e-01
 2.600e+02  1.800e+01  1.620e-01
 2.600e+02  1.900e+01  1.790e-01
 2.600e+02  2.000e+01  1.970e-01
 2.600e+02  2.500e+01  3.040e-01
 2.600e+02  3.000e+01  4.350e-01
 2.600e+02  3.500e+01  5.900e-01
 2.600e+02  4.000e+01  7.700e-01
 2.600e+02  4.500e+01  9.740e-01
 2.600e+02  5.000e+01  1.200e+00
 2.600e+02  5.500e+01  1.450e+00
 2.600e+02  6.000e+01  1.730e+00
