# mhp       tanbeta      NLO_xsec
 5.600e+02  1.000e-01  2.330e+01
 5.600e+02  2.000e-01  5.830e+00
 5.600e+02  3.000e-01  2.590e+00
 5.600e+02  4.000e-01  1.460e+00
 5.600e+02  5.000e-01  9.320e-01
 5.600e+02  6.000e-01  6.470e-01
 5.600e+02  7.000e-01  4.760e-01
 5.600e+02  8.000e-01  3.640e-01
 5.600e+02  9.000e-01  2.880e-01
 5.600e+02  1.000e+00  2.330e-01
 5.600e+02  2.000e+00  5.850e-02
 5.600e+02  3.000e+00  2.640e-02
 5.600e+02  4.000e+00  1.540e-02
 5.600e+02  5.000e+00  1.060e-02
 5.600e+02  6.000e+00  8.350e-03
 5.600e+02  7.000e+00  7.310e-03
 5.600e+02  8.000e+00  6.980e-03
 5.600e+02  9.000e+00  7.100e-03
 5.600e+02  1.000e+01  7.550e-03
 5.600e+02  1.100e+01  8.240e-03
 5.600e+02  1.200e+01  9.130e-03
 5.600e+02  1.300e+01  1.020e-02
 5.600e+02  1.400e+01  1.140e-02
 5.600e+02  1.500e+01  1.280e-02
 5.600e+02  1.600e+01  1.430e-02
 5.600e+02  1.700e+01  1.590e-02
 5.600e+02  1.800e+01  1.760e-02
 5.600e+02  1.900e+01  1.950e-02
 5.600e+02  2.000e+01  2.140e-02
 5.600e+02  2.500e+01  3.300e-02
 5.600e+02  3.000e+01  4.720e-02
 5.600e+02  3.500e+01  6.410e-02
 5.600e+02  4.000e+01  8.360e-02
 5.600e+02  4.500e+01  1.060e-01
 5.600e+02  5.000e+01  1.300e-01
 5.600e+02  5.500e+01  1.580e-01
 5.600e+02  6.000e+01  1.880e-01
