# mhp       tanbeta      NLO_xsec
 3.200e+02  1.000e-01  1.270e+02
 3.200e+02  2.000e-01  3.180e+01
 3.200e+02  3.000e-01  1.410e+01
 3.200e+02  4.000e-01  7.940e+00
 3.200e+02  5.000e-01  5.080e+00
 3.200e+02  6.000e-01  3.530e+00
 3.200e+02  7.000e-01  2.590e+00
 3.200e+02  8.000e-01  1.990e+00
 3.200e+02  9.000e-01  1.570e+00
 3.200e+02  1.000e+00  1.270e+00
 3.200e+02  2.000e+00  3.190e-01
 3.200e+02  3.000e+00  1.440e-01
 3.200e+02  4.000e+00  8.410e-02
 3.200e+02  5.000e+00  5.810e-02
 3.200e+02  6.000e+00  4.580e-02
 3.200e+02  7.000e+00  4.020e-02
 3.200e+02  8.000e+00  3.850e-02
 3.200e+02  9.000e+00  3.930e-02
 3.200e+02  1.000e+01  4.180e-02
 3.200e+02  1.100e+01  4.580e-02
 3.200e+02  1.200e+01  5.080e-02
 3.200e+02  1.300e+01  5.680e-02
 3.200e+02  1.400e+01  6.360e-02
 3.200e+02  1.500e+01  7.120e-02
 3.200e+02  1.600e+01  7.960e-02
 3.200e+02  1.700e+01  8.860e-02
 3.200e+02  1.800e+01  9.830e-02
 3.200e+02  1.900e+01  1.090e-01
 3.200e+02  2.000e+01  1.200e-01
 3.200e+02  2.500e+01  1.840e-01
 3.200e+02  3.000e+01  2.640e-01
 3.200e+02  3.500e+01  3.580e-01
 3.200e+02  4.000e+01  4.670e-01
 3.200e+02  4.500e+01  5.910e-01
 3.200e+02  5.000e+01  7.290e-01
 3.200e+02  5.500e+01  8.820e-01
 3.200e+02  6.000e+01  1.050e+00
