# mhp       tanbeta      NLO_xsec
 8.800e+02  1.000e-01  3.840e+00
 8.800e+02  2.000e-01  9.610e-01
 8.800e+02  3.000e-01  4.270e-01
 8.800e+02  4.000e-01  2.400e-01
 8.800e+02  5.000e-01  1.540e-01
 8.800e+02  6.000e-01  1.070e-01
 8.800e+02  7.000e-01  7.840e-02
 8.800e+02  8.000e-01  6.010e-02
 8.800e+02  9.000e-01  4.750e-02
 8.800e+02  1.000e+00  3.840e-02
 8.800e+02  2.000e+00  9.640e-03
 8.800e+02  3.000e+00  4.340e-03
 8.800e+02  4.000e+00  2.530e-03
 8.800e+02  5.000e+00  1.740e-03
 8.800e+02  6.000e+00  1.370e-03
 8.800e+02  7.000e+00  1.190e-03
 8.800e+02  8.000e+00  1.130e-03
 8.800e+02  9.000e+00  1.140e-03
 8.800e+02  1.000e+01  1.210e-03
 8.800e+02  1.100e+01  1.320e-03
 8.800e+02  1.200e+01  1.460e-03
 8.800e+02  1.300e+01  1.630e-03
 8.800e+02  1.400e+01  1.820e-03
 8.800e+02  1.500e+01  2.030e-03
 8.800e+02  1.600e+01  2.270e-03
 8.800e+02  1.700e+01  2.520e-03
 8.800e+02  1.800e+01  2.800e-03
 8.800e+02  1.900e+01  3.090e-03
 8.800e+02  2.000e+01  3.410e-03
 8.800e+02  2.500e+01  5.230e-03
 8.800e+02  3.000e+01  7.490e-03
 8.800e+02  3.500e+01  1.020e-02
 8.800e+02  4.000e+01  1.330e-02
 8.800e+02  4.500e+01  1.680e-02
 8.800e+02  5.000e+01  2.070e-02
 8.800e+02  5.500e+01  2.500e-02
 8.800e+02  6.000e+01  2.980e-02
