# mhp       tanbeta      NLO_xsec
 6.800e+02  1.000e-01  1.150e+01
 6.800e+02  2.000e-01  2.870e+00
 6.800e+02  3.000e-01  1.280e+00
 6.800e+02  4.000e-01  7.190e-01
 6.800e+02  5.000e-01  4.600e-01
 6.800e+02  6.000e-01  3.190e-01
 6.800e+02  7.000e-01  2.350e-01
 6.800e+02  8.000e-01  1.800e-01
 6.800e+02  9.000e-01  1.420e-01
 6.800e+02  1.000e+00  1.150e-01
 6.800e+02  2.000e+00  2.880e-02
 6.800e+02  3.000e+00  1.300e-02
 6.800e+02  4.000e+00  7.590e-03
 6.800e+02  5.000e+00  5.230e-03
 6.800e+02  6.000e+00  4.090e-03
 6.800e+02  7.000e+00  3.570e-03
 6.800e+02  8.000e+00  3.400e-03
 6.800e+02  9.000e+00  3.450e-03
 6.800e+02  1.000e+01  3.650e-03
 6.800e+02  1.100e+01  3.980e-03
 6.800e+02  1.200e+01  4.400e-03
 6.800e+02  1.300e+01  4.910e-03
 6.800e+02  1.400e+01  5.490e-03
 6.800e+02  1.500e+01  6.140e-03
 6.800e+02  1.600e+01  6.850e-03
 6.800e+02  1.700e+01  7.630e-03
 6.800e+02  1.800e+01  8.460e-03
 6.800e+02  1.900e+01  9.350e-03
 6.800e+02  2.000e+01  1.030e-02
 6.800e+02  2.500e+01  1.580e-02
 6.800e+02  3.000e+01  2.260e-02
 6.800e+02  3.500e+01  3.070e-02
 6.800e+02  4.000e+01  4.010e-02
 6.800e+02  4.500e+01  5.070e-02
 6.800e+02  5.000e+01  6.260e-02
 6.800e+02  5.500e+01  7.570e-02
 6.800e+02  6.000e+01  9.010e-02
