# mhp       tanbeta      NLO_xsec
 9.600e+02  1.000e-01  2.590e+00
 9.600e+02  2.000e-01  6.490e-01
 9.600e+02  3.000e-01  2.880e-01
 9.600e+02  4.000e-01  1.620e-01
 9.600e+02  5.000e-01  1.040e-01
 9.600e+02  6.000e-01  7.210e-02
 9.600e+02  7.000e-01  5.290e-02
 9.600e+02  8.000e-01  4.050e-02
 9.600e+02  9.000e-01  3.200e-02
 9.600e+02  1.000e+00  2.590e-02
 9.600e+02  2.000e+00  6.510e-03
 9.600e+02  3.000e+00  2.930e-03
 9.600e+02  4.000e+00  1.710e-03
 9.600e+02  5.000e+00  1.180e-03
 9.600e+02  6.000e+00  9.250e-04
 9.600e+02  7.000e+00  8.070e-04
 9.600e+02  8.000e+00  7.690e-04
 9.600e+02  9.000e+00  7.800e-04
 9.600e+02  1.000e+01  8.270e-04
 9.600e+02  1.100e+01  9.010e-04
 9.600e+02  1.200e+01  9.970e-04
 9.600e+02  1.300e+01  1.110e-03
 9.600e+02  1.400e+01  1.240e-03
 9.600e+02  1.500e+01  1.390e-03
 9.600e+02  1.600e+01  1.550e-03
 9.600e+02  1.700e+01  1.730e-03
 9.600e+02  1.800e+01  1.920e-03
 9.600e+02  1.900e+01  2.120e-03
 9.600e+02  2.000e+01  2.330e-03
 9.600e+02  2.500e+01  3.590e-03
 9.600e+02  3.000e+01  5.140e-03
 9.600e+02  3.500e+01  6.970e-03
 9.600e+02  4.000e+01  9.100e-03
 9.600e+02  4.500e+01  1.150e-02
 9.600e+02  5.000e+01  1.420e-02
 9.600e+02  5.500e+01  1.720e-02
 9.600e+02  6.000e+01  2.040e-02
