# mhp       tanbeta      NLO_xsec
 2.200e+02  1.000e-01  2.850e+02
 2.200e+02  2.000e-01  7.120e+01
 2.200e+02  3.000e-01  3.160e+01
 2.200e+02  4.000e-01  1.780e+01
 2.200e+02  5.000e-01  1.140e+01
 2.200e+02  6.000e-01  7.910e+00
 2.200e+02  7.000e-01  5.810e+00
 2.200e+02  8.000e-01  4.450e+00
 2.200e+02  9.000e-01  3.520e+00
 2.200e+02  1.000e+00  2.850e+00
 2.200e+02  2.000e+00  7.140e-01
 2.200e+02  3.000e+00  3.220e-01
 2.200e+02  4.000e+00  1.890e-01
 2.200e+02  5.000e+00  1.300e-01
 2.200e+02  6.000e+00  1.030e-01
 2.200e+02  7.000e+00  9.060e-02
 2.200e+02  8.000e+00  8.690e-02
 2.200e+02  9.000e+00  8.880e-02
 2.200e+02  1.000e+01  9.480e-02
 2.200e+02  1.100e+01  1.040e-01
 2.200e+02  1.200e+01  1.150e-01
 2.200e+02  1.300e+01  1.290e-01
 2.200e+02  1.400e+01  1.440e-01
 2.200e+02  1.500e+01  1.620e-01
 2.200e+02  1.600e+01  1.810e-01
 2.200e+02  1.700e+01  2.010e-01
 2.200e+02  1.800e+01  2.240e-01
 2.200e+02  1.900e+01  2.470e-01
 2.200e+02  2.000e+01  2.720e-01
 2.200e+02  2.500e+01  4.190e-01
 2.200e+02  3.000e+01  6.000e-01
 2.200e+02  3.500e+01  8.140e-01
 2.200e+02  4.000e+01  1.060e+00
 2.200e+02  4.500e+01  1.340e+00
 2.200e+02  5.000e+01  1.660e+00
 2.200e+02  5.500e+01  2.010e+00
 2.200e+02  6.000e+01  2.390e+00
