# mhp       tanbeta      NLO_xsec
 8.600e+02  1.000e-01  4.260e+00
 8.600e+02  2.000e-01  1.070e+00
 8.600e+02  3.000e-01  4.740e-01
 8.600e+02  4.000e-01  2.670e-01
 8.600e+02  5.000e-01  1.710e-01
 8.600e+02  6.000e-01  1.180e-01
 8.600e+02  7.000e-01  8.700e-02
 8.600e+02  8.000e-01  6.660e-02
 8.600e+02  9.000e-01  5.260e-02
 8.600e+02  1.000e+00  4.260e-02
 8.600e+02  2.000e+00  1.070e-02
 8.600e+02  3.000e+00  4.820e-03
 8.600e+02  4.000e+00  2.810e-03
 8.600e+02  5.000e+00  1.940e-03
 8.600e+02  6.000e+00  1.520e-03
 8.600e+02  7.000e+00  1.320e-03
 8.600e+02  8.000e+00  1.250e-03
 8.600e+02  9.000e+00  1.270e-03
 8.600e+02  1.000e+01  1.350e-03
 8.600e+02  1.100e+01  1.460e-03
 8.600e+02  1.200e+01  1.620e-03
 8.600e+02  1.300e+01  1.800e-03
 8.600e+02  1.400e+01  2.020e-03
 8.600e+02  1.500e+01  2.260e-03
 8.600e+02  1.600e+01  2.520e-03
 8.600e+02  1.700e+01  2.800e-03
 8.600e+02  1.800e+01  3.110e-03
 8.600e+02  1.900e+01  3.430e-03
 8.600e+02  2.000e+01  3.780e-03
 8.600e+02  2.500e+01  5.810e-03
 8.600e+02  3.000e+01  8.320e-03
 8.600e+02  3.500e+01  1.130e-02
 8.600e+02  4.000e+01  1.470e-02
 8.600e+02  4.500e+01  1.860e-02
 8.600e+02  5.000e+01  2.300e-02
 8.600e+02  5.500e+01  2.780e-02
 8.600e+02  6.000e+01  3.310e-02
