# mhp       tanbeta      NLO_xsec
 7.400e+02  1.000e-01  8.050e+00
 7.400e+02  2.000e-01  2.010e+00
 7.400e+02  3.000e-01  8.940e-01
 7.400e+02  4.000e-01  5.030e-01
 7.400e+02  5.000e-01  3.220e-01
 7.400e+02  6.000e-01  2.230e-01
 7.400e+02  7.000e-01  1.640e-01
 7.400e+02  8.000e-01  1.260e-01
 7.400e+02  9.000e-01  9.930e-02
 7.400e+02  1.000e+00  8.050e-02
 7.400e+02  2.000e+00  2.020e-02
 7.400e+02  3.000e+00  9.100e-03
 7.400e+02  4.000e+00  5.310e-03
 7.400e+02  5.000e+00  3.660e-03
 7.400e+02  6.000e+00  2.880e-03
 7.400e+02  7.000e+00  2.510e-03
 7.400e+02  8.000e+00  2.400e-03
 7.400e+02  9.000e+00  2.430e-03
 7.400e+02  1.000e+01  2.580e-03
 7.400e+02  1.100e+01  2.820e-03
 7.400e+02  1.200e+01  3.120e-03
 7.400e+02  1.300e+01  3.480e-03
 7.400e+02  1.400e+01  3.900e-03
 7.400e+02  1.500e+01  4.360e-03
 7.400e+02  1.600e+01  4.870e-03
 7.400e+02  1.700e+01  5.420e-03
 7.400e+02  1.800e+01  6.010e-03
 7.400e+02  1.900e+01  6.650e-03
 7.400e+02  2.000e+01  7.320e-03
 7.400e+02  2.500e+01  1.130e-02
 7.400e+02  3.000e+01  1.610e-02
 7.400e+02  3.500e+01  2.190e-02
 7.400e+02  4.000e+01  2.850e-02
 7.400e+02  4.500e+01  3.610e-02
 7.400e+02  5.000e+01  4.450e-02
 7.400e+02  5.500e+01  5.390e-02
 7.400e+02  6.000e+01  6.410e-02
