# mhp       tanbeta      NLO_xsec
 7.000e+02  1.000e-01  9.950e+00
 7.000e+02  2.000e-01  2.490e+00
 7.000e+02  3.000e-01  1.110e+00
 7.000e+02  4.000e-01  6.220e-01
 7.000e+02  5.000e-01  3.980e-01
 7.000e+02  6.000e-01  2.770e-01
 7.000e+02  7.000e-01  2.030e-01
 7.000e+02  8.000e-01  1.560e-01
 7.000e+02  9.000e-01  1.230e-01
 7.000e+02  1.000e+00  9.960e-02
 7.000e+02  2.000e+00  2.500e-02
 7.000e+02  3.000e+00  1.130e-02
 7.000e+02  4.000e+00  6.570e-03
 7.000e+02  5.000e+00  4.530e-03
 7.000e+02  6.000e+00  3.560e-03
 7.000e+02  7.000e+00  3.110e-03
 7.000e+02  8.000e+00  2.970e-03
 7.000e+02  9.000e+00  3.020e-03
 7.000e+02  1.000e+01  3.200e-03
 7.000e+02  1.100e+01  3.490e-03
 7.000e+02  1.200e+01  3.870e-03
 7.000e+02  1.300e+01  4.320e-03
 7.000e+02  1.400e+01  4.830e-03
 7.000e+02  1.500e+01  5.410e-03
 7.000e+02  1.600e+01  6.040e-03
 7.000e+02  1.700e+01  6.720e-03
 7.000e+02  1.800e+01  7.460e-03
 7.000e+02  1.900e+01  8.240e-03
 7.000e+02  2.000e+01  9.080e-03
 7.000e+02  2.500e+01  1.400e-02
 7.000e+02  3.000e+01  2.000e-02
 7.000e+02  3.500e+01  2.710e-02
 7.000e+02  4.000e+01  3.540e-02
 7.000e+02  4.500e+01  4.470e-02
 7.000e+02  5.000e+01  5.520e-02
 7.000e+02  5.500e+01  6.680e-02
 7.000e+02  6.000e+01  7.950e-02
