# mhp       tanbeta      NLO_xsec
 3.600e+02  1.000e-01  9.620e+01
 3.600e+02  2.000e-01  2.400e+01
 3.600e+02  3.000e-01  1.070e+01
 3.600e+02  4.000e-01  6.010e+00
 3.600e+02  5.000e-01  3.850e+00
 3.600e+02  6.000e-01  2.670e+00
 3.600e+02  7.000e-01  1.960e+00
 3.600e+02  8.000e-01  1.500e+00
 3.600e+02  9.000e-01  1.190e+00
 3.600e+02  1.000e+00  9.620e-01
 3.600e+02  2.000e+00  2.410e-01
 3.600e+02  3.000e+00  1.090e-01
 3.600e+02  4.000e+00  6.360e-02
 3.600e+02  5.000e+00  4.390e-02
 3.600e+02  6.000e+00  3.450e-02
 3.600e+02  7.000e+00  3.020e-02
 3.600e+02  8.000e+00  2.880e-02
 3.600e+02  9.000e+00  2.930e-02
 3.600e+02  1.000e+01  3.110e-02
 3.600e+02  1.100e+01  3.400e-02
 3.600e+02  1.200e+01  3.760e-02
 3.600e+02  1.300e+01  4.200e-02
 3.600e+02  1.400e+01  4.700e-02
 3.600e+02  1.500e+01  5.270e-02
 3.600e+02  1.600e+01  5.880e-02
 3.600e+02  1.700e+01  6.550e-02
 3.600e+02  1.800e+01  7.260e-02
 3.600e+02  1.900e+01  8.030e-02
 3.600e+02  2.000e+01  8.840e-02
 3.600e+02  2.500e+01  1.360e-01
 3.600e+02  3.000e+01  1.950e-01
 3.600e+02  3.500e+01  2.640e-01
 3.600e+02  4.000e+01  3.450e-01
 3.600e+02  4.500e+01  4.360e-01
 3.600e+02  5.000e+01  5.380e-01
 3.600e+02  5.500e+01  6.510e-01
 3.600e+02  6.000e+01  7.740e-01
