# mhp       tanbeta      NLO_xsec
 6.400e+02  1.000e-01  1.430e+01
 6.400e+02  2.000e-01  3.570e+00
 6.400e+02  3.000e-01  1.590e+00
 6.400e+02  4.000e-01  8.920e-01
 6.400e+02  5.000e-01  5.710e-01
 6.400e+02  6.000e-01  3.960e-01
 6.400e+02  7.000e-01  2.910e-01
 6.400e+02  8.000e-01  2.230e-01
 6.400e+02  9.000e-01  1.760e-01
 6.400e+02  1.000e+00  1.430e-01
 6.400e+02  2.000e+00  3.580e-02
 6.400e+02  3.000e+00  1.610e-02
 6.400e+02  4.000e+00  9.430e-03
 6.400e+02  5.000e+00  6.500e-03
 6.400e+02  6.000e+00  5.110e-03
 6.400e+02  7.000e+00  4.470e-03
 6.400e+02  8.000e+00  4.260e-03
 6.400e+02  9.000e+00  4.330e-03
 6.400e+02  1.000e+01  4.600e-03
 6.400e+02  1.100e+01  5.020e-03
 6.400e+02  1.200e+01  5.570e-03
 6.400e+02  1.300e+01  6.210e-03
 6.400e+02  1.400e+01  6.950e-03
 6.400e+02  1.500e+01  7.780e-03
 6.400e+02  1.600e+01  8.690e-03
 6.400e+02  1.700e+01  9.670e-03
 6.400e+02  1.800e+01  1.070e-02
 6.400e+02  1.900e+01  1.190e-02
 6.400e+02  2.000e+01  1.310e-02
 6.400e+02  2.500e+01  2.010e-02
 6.400e+02  3.000e+01  2.870e-02
 6.400e+02  3.500e+01  3.900e-02
 6.400e+02  4.000e+01  5.090e-02
 6.400e+02  4.500e+01  6.440e-02
 6.400e+02  5.000e+01  7.950e-02
 6.400e+02  5.500e+01  9.610e-02
 6.400e+02  6.000e+01  1.140e-01
