# mhp       tanbeta      NLO_xsec
 7.200e+02  1.000e-01  8.900e+00
 7.200e+02  2.000e-01  2.230e+00
 7.200e+02  3.000e-01  9.890e-01
 7.200e+02  4.000e-01  5.560e-01
 7.200e+02  5.000e-01  3.560e-01
 7.200e+02  6.000e-01  2.470e-01
 7.200e+02  7.000e-01  1.820e-01
 7.200e+02  8.000e-01  1.390e-01
 7.200e+02  9.000e-01  1.100e-01
 7.200e+02  1.000e+00  8.900e-02
 7.200e+02  2.000e+00  2.230e-02
 7.200e+02  3.000e+00  1.010e-02
 7.200e+02  4.000e+00  5.880e-03
 7.200e+02  5.000e+00  4.050e-03
 7.200e+02  6.000e+00  3.180e-03
 7.200e+02  7.000e+00  2.780e-03
 7.200e+02  8.000e+00  2.650e-03
 7.200e+02  9.000e+00  2.700e-03
 7.200e+02  1.000e+01  2.860e-03
 7.200e+02  1.100e+01  3.120e-03
 7.200e+02  1.200e+01  3.460e-03
 7.200e+02  1.300e+01  3.860e-03
 7.200e+02  1.400e+01  4.320e-03
 7.200e+02  1.500e+01  4.830e-03
 7.200e+02  1.600e+01  5.390e-03
 7.200e+02  1.700e+01  6.010e-03
 7.200e+02  1.800e+01  6.660e-03
 7.200e+02  1.900e+01  7.360e-03
 7.200e+02  2.000e+01  8.110e-03
 7.200e+02  2.500e+01  1.250e-02
 7.200e+02  3.000e+01  1.780e-02
 7.200e+02  3.500e+01  2.420e-02
 7.200e+02  4.000e+01  3.160e-02
 7.200e+02  4.500e+01  4.000e-02
 7.200e+02  5.000e+01  4.930e-02
 7.200e+02  5.500e+01  5.970e-02
 7.200e+02  6.000e+01  7.100e-02
