# mhp       tanbeta      NLO_xsec
 4.400e+02  1.000e-01  5.350e+01
 4.400e+02  2.000e-01  1.340e+01
 4.400e+02  3.000e-01  5.940e+00
 4.400e+02  4.000e-01  3.340e+00
 4.400e+02  5.000e-01  2.140e+00
 4.400e+02  6.000e-01  1.480e+00
 4.400e+02  7.000e-01  1.090e+00
 4.400e+02  8.000e-01  8.350e-01
 4.400e+02  9.000e-01  6.600e-01
 4.400e+02  1.000e+00  5.350e-01
 4.400e+02  2.000e+00  1.340e-01
 4.400e+02  3.000e+00  6.050e-02
 4.400e+02  4.000e+00  3.530e-02
 4.400e+02  5.000e+00  2.430e-02
 4.400e+02  6.000e+00  1.910e-02
 4.400e+02  7.000e+00  1.670e-02
 4.400e+02  8.000e+00  1.590e-02
 4.400e+02  9.000e+00  1.620e-02
 4.400e+02  1.000e+01  1.720e-02
 4.400e+02  1.100e+01  1.880e-02
 4.400e+02  1.200e+01  2.080e-02
 4.400e+02  1.300e+01  2.320e-02
 4.400e+02  1.400e+01  2.590e-02
 4.400e+02  1.500e+01  2.900e-02
 4.400e+02  1.600e+01  3.240e-02
 4.400e+02  1.700e+01  3.610e-02
 4.400e+02  1.800e+01  4.000e-02
 4.400e+02  1.900e+01  4.420e-02
 4.400e+02  2.000e+01  4.870e-02
 4.400e+02  2.500e+01  7.490e-02
 4.400e+02  3.000e+01  1.070e-01
 4.400e+02  3.500e+01  1.460e-01
 4.400e+02  4.000e+01  1.900e-01
 4.400e+02  4.500e+01  2.400e-01
 4.400e+02  5.000e+01  2.960e-01
 4.400e+02  5.500e+01  3.590e-01
 4.400e+02  6.000e+01  4.270e-01
