# mhp       tanbeta      NLO_xsec
 8.600e+02  1.000e-01  4.240e+00
 8.600e+02  2.000e-01  1.060e+00
 8.600e+02  3.000e-01  4.710e-01
 8.600e+02  4.000e-01  2.650e-01
 8.600e+02  5.000e-01  1.700e-01
 8.600e+02  6.000e-01  1.180e-01
 8.600e+02  7.000e-01  8.660e-02
 8.600e+02  8.000e-01  6.630e-02
 8.600e+02  9.000e-01  5.240e-02
 8.600e+02  1.000e+00  4.240e-02
 8.600e+02  2.000e+00  1.060e-02
 8.600e+02  3.000e+00  4.800e-03
 8.600e+02  4.000e+00  2.800e-03
 8.600e+02  5.000e+00  1.930e-03
 8.600e+02  6.000e+00  1.510e-03
 8.600e+02  7.000e+00  1.320e-03
 8.600e+02  8.000e+00  1.260e-03
 8.600e+02  9.000e+00  1.280e-03
 8.600e+02  1.000e+01  1.360e-03
 8.600e+02  1.100e+01  1.480e-03
 8.600e+02  1.200e+01  1.640e-03
 8.600e+02  1.300e+01  1.830e-03
 8.600e+02  1.400e+01  2.040e-03
 8.600e+02  1.500e+01  2.290e-03
 8.600e+02  1.600e+01  2.550e-03
 8.600e+02  1.700e+01  2.840e-03
 8.600e+02  1.800e+01  3.150e-03
 8.600e+02  1.900e+01  3.480e-03
 8.600e+02  2.000e+01  3.840e-03
 8.600e+02  2.500e+01  5.890e-03
 8.600e+02  3.000e+01  8.440e-03
 8.600e+02  3.500e+01  1.150e-02
 8.600e+02  4.000e+01  1.490e-02
 8.600e+02  4.500e+01  1.890e-02
 8.600e+02  5.000e+01  2.330e-02
 8.600e+02  5.500e+01  2.820e-02
 8.600e+02  6.000e+01  3.360e-02
