# mhp       tanbeta      NLO_xsec
 2.000e+02  1.000e-01  3.550e+02
 2.000e+02  2.000e-01  8.860e+01
 2.000e+02  3.000e-01  3.940e+01
 2.000e+02  4.000e-01  2.220e+01
 2.000e+02  5.000e-01  1.420e+01
 2.000e+02  6.000e-01  9.850e+00
 2.000e+02  7.000e-01  7.240e+00
 2.000e+02  8.000e-01  5.540e+00
 2.000e+02  9.000e-01  4.380e+00
 2.000e+02  1.000e+00  3.550e+00
 2.000e+02  2.000e+00  8.900e-01
 2.000e+02  3.000e+00  4.010e-01
 2.000e+02  4.000e+00  2.350e-01
 2.000e+02  5.000e+00  1.620e-01
 2.000e+02  6.000e+00  1.280e-01
 2.000e+02  7.000e+00  1.130e-01
 2.000e+02  8.000e+00  1.080e-01
 2.000e+02  9.000e+00  1.110e-01
 2.000e+02  1.000e+01  1.180e-01
 2.000e+02  1.100e+01  1.290e-01
 2.000e+02  1.200e+01  1.440e-01
 2.000e+02  1.300e+01  1.610e-01
 2.000e+02  1.400e+01  1.800e-01
 2.000e+02  1.500e+01  2.020e-01
 2.000e+02  1.600e+01  2.260e-01
 2.000e+02  1.700e+01  2.520e-01
 2.000e+02  1.800e+01  2.790e-01
 2.000e+02  1.900e+01  3.090e-01
 2.000e+02  2.000e+01  3.400e-01
 2.000e+02  2.500e+01  5.230e-01
 2.000e+02  3.000e+01  7.490e-01
 2.000e+02  3.500e+01  1.020e+00
 2.000e+02  4.000e+01  1.330e+00
 2.000e+02  4.500e+01  1.680e+00
 2.000e+02  5.000e+01  2.070e+00
 2.000e+02  5.500e+01  2.510e+00
 2.000e+02  6.000e+01  2.980e+00
