# mhp       tanbeta      NLO_xsec
 6.800e+02  1.000e-01  1.130e+01
 6.800e+02  2.000e-01  2.820e+00
 6.800e+02  3.000e-01  1.250e+00
 6.800e+02  4.000e-01  7.060e-01
 6.800e+02  5.000e-01  4.520e-01
 6.800e+02  6.000e-01  3.140e-01
 6.800e+02  7.000e-01  2.300e-01
 6.800e+02  8.000e-01  1.760e-01
 6.800e+02  9.000e-01  1.390e-01
 6.800e+02  1.000e+00  1.130e-01
 6.800e+02  2.000e+00  2.830e-02
 6.800e+02  3.000e+00  1.280e-02
 6.800e+02  4.000e+00  7.460e-03
 6.800e+02  5.000e+00  5.140e-03
 6.800e+02  6.000e+00  4.040e-03
 6.800e+02  7.000e+00  3.530e-03
 6.800e+02  8.000e+00  3.370e-03
 6.800e+02  9.000e+00  3.420e-03
 6.800e+02  1.000e+01  3.640e-03
 6.800e+02  1.100e+01  3.970e-03
 6.800e+02  1.200e+01  4.390e-03
 6.800e+02  1.300e+01  4.900e-03
 6.800e+02  1.400e+01  5.490e-03
 6.800e+02  1.500e+01  6.140e-03
 6.800e+02  1.600e+01  6.860e-03
 6.800e+02  1.700e+01  7.640e-03
 6.800e+02  1.800e+01  8.470e-03
 6.800e+02  1.900e+01  9.360e-03
 6.800e+02  2.000e+01  1.030e-02
 6.800e+02  2.500e+01  1.580e-02
 6.800e+02  3.000e+01  2.270e-02
 6.800e+02  3.500e+01  3.080e-02
 6.800e+02  4.000e+01  4.020e-02
 6.800e+02  4.500e+01  5.080e-02
 6.800e+02  5.000e+01  6.270e-02
 6.800e+02  5.500e+01  7.590e-02
 6.800e+02  6.000e+01  9.030e-02
