# mhp       tanbeta      NLO_xsec
 6.600e+02  1.000e-01  1.270e+01
 6.600e+02  2.000e-01  3.170e+00
 6.600e+02  3.000e-01  1.410e+00
 6.600e+02  4.000e-01  7.930e-01
 6.600e+02  5.000e-01  5.070e-01
 6.600e+02  6.000e-01  3.520e-01
 6.600e+02  7.000e-01  2.590e-01
 6.600e+02  8.000e-01  1.980e-01
 6.600e+02  9.000e-01  1.570e-01
 6.600e+02  1.000e+00  1.270e-01
 6.600e+02  2.000e+00  3.180e-02
 6.600e+02  3.000e+00  1.430e-02
 6.600e+02  4.000e+00  8.380e-03
 6.600e+02  5.000e+00  5.780e-03
 6.600e+02  6.000e+00  4.540e-03
 6.600e+02  7.000e+00  3.970e-03
 6.600e+02  8.000e+00  3.790e-03
 6.600e+02  9.000e+00  3.850e-03
 6.600e+02  1.000e+01  4.090e-03
 6.600e+02  1.100e+01  4.460e-03
 6.600e+02  1.200e+01  4.940e-03
 6.600e+02  1.300e+01  5.520e-03
 6.600e+02  1.400e+01  6.170e-03
 6.600e+02  1.500e+01  6.910e-03
 6.600e+02  1.600e+01  7.710e-03
 6.600e+02  1.700e+01  8.590e-03
 6.600e+02  1.800e+01  9.530e-03
 6.600e+02  1.900e+01  1.050e-02
 6.600e+02  2.000e+01  1.160e-02
 6.600e+02  2.500e+01  1.780e-02
 6.600e+02  3.000e+01  2.550e-02
 6.600e+02  3.500e+01  3.460e-02
 6.600e+02  4.000e+01  4.520e-02
 6.600e+02  4.500e+01  5.720e-02
 6.600e+02  5.000e+01  7.050e-02
 6.600e+02  5.500e+01  8.530e-02
 6.600e+02  6.000e+01  1.020e-01
