# mhp       tanbeta      NLO_xsec
 4.400e+02  1.000e-01  5.050e+01
 4.400e+02  2.000e-01  1.260e+01
 4.400e+02  3.000e-01  5.610e+00
 4.400e+02  4.000e-01  3.150e+00
 4.400e+02  5.000e-01  2.020e+00
 4.400e+02  6.000e-01  1.400e+00
 4.400e+02  7.000e-01  1.030e+00
 4.400e+02  8.000e-01  7.890e-01
 4.400e+02  9.000e-01  6.230e-01
 4.400e+02  1.000e+00  5.050e-01
 4.400e+02  2.000e+00  1.270e-01
 4.400e+02  3.000e+00  5.710e-02
 4.400e+02  4.000e+00  3.340e-02
 4.400e+02  5.000e+00  2.300e-02
 4.400e+02  6.000e+00  1.810e-02
 4.400e+02  7.000e+00  1.590e-02
 4.400e+02  8.000e+00  1.520e-02
 4.400e+02  9.000e+00  1.550e-02
 4.400e+02  1.000e+01  1.650e-02
 4.400e+02  1.100e+01  1.800e-02
 4.400e+02  1.200e+01  1.990e-02
 4.400e+02  1.300e+01  2.230e-02
 4.400e+02  1.400e+01  2.500e-02
 4.400e+02  1.500e+01  2.790e-02
 4.400e+02  1.600e+01  3.120e-02
 4.400e+02  1.700e+01  3.470e-02
 4.400e+02  1.800e+01  3.850e-02
 4.400e+02  1.900e+01  4.260e-02
 4.400e+02  2.000e+01  4.690e-02
 4.400e+02  2.500e+01  7.220e-02
 4.400e+02  3.000e+01  1.030e-01
 4.400e+02  3.500e+01  1.400e-01
 4.400e+02  4.000e+01  1.830e-01
 4.400e+02  4.500e+01  2.310e-01
 4.400e+02  5.000e+01  2.860e-01
 4.400e+02  5.500e+01  3.460e-01
 4.400e+02  6.000e+01  4.110e-01
