# mhp       tanbeta      NLO_xsec
 3.200e+02  1.000e-01  1.310e+02
 3.200e+02  2.000e-01  3.280e+01
 3.200e+02  3.000e-01  1.460e+01
 3.200e+02  4.000e-01  8.210e+00
 3.200e+02  5.000e-01  5.250e+00
 3.200e+02  6.000e-01  3.650e+00
 3.200e+02  7.000e-01  2.680e+00
 3.200e+02  8.000e-01  2.050e+00
 3.200e+02  9.000e-01  1.620e+00
 3.200e+02  1.000e+00  1.310e+00
 3.200e+02  2.000e+00  3.290e-01
 3.200e+02  3.000e+00  1.490e-01
 3.200e+02  4.000e+00  8.680e-02
 3.200e+02  5.000e+00  5.990e-02
 3.200e+02  6.000e+00  4.710e-02
 3.200e+02  7.000e+00  4.120e-02
 3.200e+02  8.000e+00  3.940e-02
 3.200e+02  9.000e+00  4.010e-02
 3.200e+02  1.000e+01  4.260e-02
 3.200e+02  1.100e+01  4.650e-02
 3.200e+02  1.200e+01  5.160e-02
 3.200e+02  1.300e+01  5.760e-02
 3.200e+02  1.400e+01  6.450e-02
 3.200e+02  1.500e+01  7.220e-02
 3.200e+02  1.600e+01  8.060e-02
 3.200e+02  1.700e+01  8.980e-02
 3.200e+02  1.800e+01  9.960e-02
 3.200e+02  1.900e+01  1.100e-01
 3.200e+02  2.000e+01  1.210e-01
 3.200e+02  2.500e+01  1.860e-01
 3.200e+02  3.000e+01  2.670e-01
 3.200e+02  3.500e+01  3.620e-01
 3.200e+02  4.000e+01  4.730e-01
 3.200e+02  4.500e+01  5.980e-01
 3.200e+02  5.000e+01  7.380e-01
 3.200e+02  5.500e+01  8.930e-01
 3.200e+02  6.000e+01  1.060e+00
