# mhp       tanbeta      NLO_xsec
 2.200e+02  1.000e-01  3.040e+02
 2.200e+02  2.000e-01  7.610e+01
 2.200e+02  3.000e-01  3.380e+01
 2.200e+02  4.000e-01  1.900e+01
 2.200e+02  5.000e-01  1.220e+01
 2.200e+02  6.000e-01  8.450e+00
 2.200e+02  7.000e-01  6.210e+00
 2.200e+02  8.000e-01  4.760e+00
 2.200e+02  9.000e-01  3.760e+00
 2.200e+02  1.000e+00  3.040e+00
 2.200e+02  2.000e+00  7.640e-01
 2.200e+02  3.000e+00  3.440e-01
 2.200e+02  4.000e+00  2.010e-01
 2.200e+02  5.000e+00  1.390e-01
 2.200e+02  6.000e+00  1.100e-01
 2.200e+02  7.000e+00  9.610e-02
 2.200e+02  8.000e+00  9.200e-02
 2.200e+02  9.000e+00  9.380e-02
 2.200e+02  1.000e+01  9.980e-02
 2.200e+02  1.100e+01  1.090e-01
 2.200e+02  1.200e+01  1.210e-01
 2.200e+02  1.300e+01  1.350e-01
 2.200e+02  1.400e+01  1.520e-01
 2.200e+02  1.500e+01  1.700e-01
 2.200e+02  1.600e+01  1.900e-01
 2.200e+02  1.700e+01  2.110e-01
 2.200e+02  1.800e+01  2.340e-01
 2.200e+02  1.900e+01  2.590e-01
 2.200e+02  2.000e+01  2.850e-01
 2.200e+02  2.500e+01  4.390e-01
 2.200e+02  3.000e+01  6.280e-01
 2.200e+02  3.500e+01  8.530e-01
 2.200e+02  4.000e+01  1.110e+00
 2.200e+02  4.500e+01  1.410e+00
 2.200e+02  5.000e+01  1.740e+00
 2.200e+02  5.500e+01  2.100e+00
 2.200e+02  6.000e+01  2.500e+00
