# mhp       tanbeta      NLO_xsec
 6.200e+02  1.000e-01  1.640e+01
 6.200e+02  2.000e-01  4.110e+00
 6.200e+02  3.000e-01  1.830e+00
 6.200e+02  4.000e-01  1.030e+00
 6.200e+02  5.000e-01  6.580e-01
 6.200e+02  6.000e-01  4.570e-01
 6.200e+02  7.000e-01  3.360e-01
 6.200e+02  8.000e-01  2.570e-01
 6.200e+02  9.000e-01  2.030e-01
 6.200e+02  1.000e+00  1.640e-01
 6.200e+02  2.000e+00  4.130e-02
 6.200e+02  3.000e+00  1.860e-02
 6.200e+02  4.000e+00  1.090e-02
 6.200e+02  5.000e+00  7.480e-03
 6.200e+02  6.000e+00  5.860e-03
 6.200e+02  7.000e+00  5.120e-03
 6.200e+02  8.000e+00  4.870e-03
 6.200e+02  9.000e+00  4.940e-03
 6.200e+02  1.000e+01  5.240e-03
 6.200e+02  1.100e+01  5.700e-03
 6.200e+02  1.200e+01  6.310e-03
 6.200e+02  1.300e+01  7.040e-03
 6.200e+02  1.400e+01  7.880e-03
 6.200e+02  1.500e+01  8.810e-03
 6.200e+02  1.600e+01  9.840e-03
 6.200e+02  1.700e+01  1.090e-02
 6.200e+02  1.800e+01  1.210e-02
 6.200e+02  1.900e+01  1.340e-02
 6.200e+02  2.000e+01  1.480e-02
 6.200e+02  2.500e+01  2.270e-02
 6.200e+02  3.000e+01  3.250e-02
 6.200e+02  3.500e+01  4.410e-02
 6.200e+02  4.000e+01  5.760e-02
 6.200e+02  4.500e+01  7.280e-02
 6.200e+02  5.000e+01  8.980e-02
 6.200e+02  5.500e+01  1.090e-01
 6.200e+02  6.000e+01  1.290e-01
