# mhp       tanbeta      NLO_xsec
 2.800e+02  1.000e-01  1.820e+02
 2.800e+02  2.000e-01  4.540e+01
 2.800e+02  3.000e-01  2.020e+01
 2.800e+02  4.000e-01  1.140e+01
 2.800e+02  5.000e-01  7.270e+00
 2.800e+02  6.000e-01  5.050e+00
 2.800e+02  7.000e-01  3.710e+00
 2.800e+02  8.000e-01  2.840e+00
 2.800e+02  9.000e-01  2.240e+00
 2.800e+02  1.000e+00  1.820e+00
 2.800e+02  2.000e+00  4.560e-01
 2.800e+02  3.000e+00  2.060e-01
 2.800e+02  4.000e+00  1.200e-01
 2.800e+02  5.000e+00  8.290e-02
 2.800e+02  6.000e+00  6.520e-02
 2.800e+02  7.000e+00  5.720e-02
 2.800e+02  8.000e+00  5.470e-02
 2.800e+02  9.000e+00  5.570e-02
 2.800e+02  1.000e+01  5.920e-02
 2.800e+02  1.100e+01  6.470e-02
 2.800e+02  1.200e+01  7.170e-02
 2.800e+02  1.300e+01  8.010e-02
 2.800e+02  1.400e+01  8.970e-02
 2.800e+02  1.500e+01  1.000e-01
 2.800e+02  1.600e+01  1.120e-01
 2.800e+02  1.700e+01  1.250e-01
 2.800e+02  1.800e+01  1.390e-01
 2.800e+02  1.900e+01  1.530e-01
 2.800e+02  2.000e+01  1.690e-01
 2.800e+02  2.500e+01  2.590e-01
 2.800e+02  3.000e+01  3.710e-01
 2.800e+02  3.500e+01  5.040e-01
 2.800e+02  4.000e+01  6.580e-01
 2.800e+02  4.500e+01  8.320e-01
 2.800e+02  5.000e+01  1.030e+00
 2.800e+02  5.500e+01  1.240e+00
 2.800e+02  6.000e+01  1.480e+00
