# mhp       tanbeta      NLO_xsec
 3.600e+02  1.000e-01  9.310e+01
 3.600e+02  2.000e-01  2.330e+01
 3.600e+02  3.000e-01  1.030e+01
 3.600e+02  4.000e-01  5.820e+00
 3.600e+02  5.000e-01  3.720e+00
 3.600e+02  6.000e-01  2.590e+00
 3.600e+02  7.000e-01  1.900e+00
 3.600e+02  8.000e-01  1.450e+00
 3.600e+02  9.000e-01  1.150e+00
 3.600e+02  1.000e+00  9.310e-01
 3.600e+02  2.000e+00  2.340e-01
 3.600e+02  3.000e+00  1.050e-01
 3.600e+02  4.000e+00  6.160e-02
 3.600e+02  5.000e+00  4.250e-02
 3.600e+02  6.000e+00  3.350e-02
 3.600e+02  7.000e+00  2.940e-02
 3.600e+02  8.000e+00  2.810e-02
 3.600e+02  9.000e+00  2.870e-02
 3.600e+02  1.000e+01  3.050e-02
 3.600e+02  1.100e+01  3.340e-02
 3.600e+02  1.200e+01  3.700e-02
 3.600e+02  1.300e+01  4.140e-02
 3.600e+02  1.400e+01  4.640e-02
 3.600e+02  1.500e+01  5.190e-02
 3.600e+02  1.600e+01  5.800e-02
 3.600e+02  1.700e+01  6.460e-02
 3.600e+02  1.800e+01  7.170e-02
 3.600e+02  1.900e+01  7.930e-02
 3.600e+02  2.000e+01  8.730e-02
 3.600e+02  2.500e+01  1.340e-01
 3.600e+02  3.000e+01  1.920e-01
 3.600e+02  3.500e+01  2.610e-01
 3.600e+02  4.000e+01  3.400e-01
 3.600e+02  4.500e+01  4.310e-01
 3.600e+02  5.000e+01  5.310e-01
 3.600e+02  5.500e+01  6.430e-01
 3.600e+02  6.000e+01  7.650e-01
