# mhp       tanbeta      NLO_xsec
 4.800e+02  1.000e-01  3.840e+01
 4.800e+02  2.000e-01  9.590e+00
 4.800e+02  3.000e-01  4.260e+00
 4.800e+02  4.000e-01  2.400e+00
 4.800e+02  5.000e-01  1.530e+00
 4.800e+02  6.000e-01  1.070e+00
 4.800e+02  7.000e-01  7.830e-01
 4.800e+02  8.000e-01  6.000e-01
 4.800e+02  9.000e-01  4.740e-01
 4.800e+02  1.000e+00  3.840e-01
 4.800e+02  2.000e+00  9.630e-02
 4.800e+02  3.000e+00  4.340e-02
 4.800e+02  4.000e+00  2.540e-02
 4.800e+02  5.000e+00  1.750e-02
 4.800e+02  6.000e+00  1.380e-02
 4.800e+02  7.000e+00  1.210e-02
 4.800e+02  8.000e+00  1.150e-02
 4.800e+02  9.000e+00  1.170e-02
 4.800e+02  1.000e+01  1.250e-02
 4.800e+02  1.100e+01  1.360e-02
 4.800e+02  1.200e+01  1.510e-02
 4.800e+02  1.300e+01  1.690e-02
 4.800e+02  1.400e+01  1.890e-02
 4.800e+02  1.500e+01  2.120e-02
 4.800e+02  1.600e+01  2.360e-02
 4.800e+02  1.700e+01  2.630e-02
 4.800e+02  1.800e+01  2.920e-02
 4.800e+02  1.900e+01  3.230e-02
 4.800e+02  2.000e+01  3.550e-02
 4.800e+02  2.500e+01  5.470e-02
 4.800e+02  3.000e+01  7.830e-02
 4.800e+02  3.500e+01  1.060e-01
 4.800e+02  4.000e+01  1.390e-01
 4.800e+02  4.500e+01  1.750e-01
 4.800e+02  5.000e+01  2.160e-01
 4.800e+02  5.500e+01  2.620e-01
 4.800e+02  6.000e+01  3.110e-01
