# mhp       tanbeta      NLO_xsec
 2.400e+02  1.000e-01  2.470e+02
 2.400e+02  2.000e-01  6.170e+01
 2.400e+02  3.000e-01  2.740e+01
 2.400e+02  4.000e-01  1.540e+01
 2.400e+02  5.000e-01  9.870e+00
 2.400e+02  6.000e-01  6.860e+00
 2.400e+02  7.000e-01  5.040e+00
 2.400e+02  8.000e-01  3.860e+00
 2.400e+02  9.000e-01  3.050e+00
 2.400e+02  1.000e+00  2.470e+00
 2.400e+02  2.000e+00  6.190e-01
 2.400e+02  3.000e+00  2.790e-01
 2.400e+02  4.000e+00  1.630e-01
 2.400e+02  5.000e+00  1.130e-01
 2.400e+02  6.000e+00  8.920e-02
 2.400e+02  7.000e+00  7.840e-02
 2.400e+02  8.000e+00  7.520e-02
 2.400e+02  9.000e+00  7.690e-02
 2.400e+02  1.000e+01  8.200e-02
 2.400e+02  1.100e+01  8.970e-02
 2.400e+02  1.200e+01  9.960e-02
 2.400e+02  1.300e+01  1.110e-01
 2.400e+02  1.400e+01  1.250e-01
 2.400e+02  1.500e+01  1.400e-01
 2.400e+02  1.600e+01  1.560e-01
 2.400e+02  1.700e+01  1.740e-01
 2.400e+02  1.800e+01  1.930e-01
 2.400e+02  1.900e+01  2.140e-01
 2.400e+02  2.000e+01  2.350e-01
 2.400e+02  2.500e+01  3.620e-01
 2.400e+02  3.000e+01  5.180e-01
 2.400e+02  3.500e+01  7.040e-01
 2.400e+02  4.000e+01  9.180e-01
 2.400e+02  4.500e+01  1.160e+00
 2.400e+02  5.000e+01  1.430e+00
 2.400e+02  5.500e+01  1.730e+00
 2.400e+02  6.000e+01  2.060e+00
