# mhp       tanbeta      NLO_xsec
 6.600e+02  1.000e-01  1.290e+01
 6.600e+02  2.000e-01  3.230e+00
 6.600e+02  3.000e-01  1.440e+00
 6.600e+02  4.000e-01  8.080e-01
 6.600e+02  5.000e-01  5.170e-01
 6.600e+02  6.000e-01  3.590e-01
 6.600e+02  7.000e-01  2.640e-01
 6.600e+02  8.000e-01  2.020e-01
 6.600e+02  9.000e-01  1.600e-01
 6.600e+02  1.000e+00  1.290e-01
 6.600e+02  2.000e+00  3.240e-02
 6.600e+02  3.000e+00  1.460e-02
 6.600e+02  4.000e+00  8.530e-03
 6.600e+02  5.000e+00  5.880e-03
 6.600e+02  6.000e+00  4.610e-03
 6.600e+02  7.000e+00  4.020e-03
 6.600e+02  8.000e+00  3.820e-03
 6.600e+02  9.000e+00  3.880e-03
 6.600e+02  1.000e+01  4.110e-03
 6.600e+02  1.100e+01  4.480e-03
 6.600e+02  1.200e+01  4.950e-03
 6.600e+02  1.300e+01  5.530e-03
 6.600e+02  1.400e+01  6.180e-03
 6.600e+02  1.500e+01  6.910e-03
 6.600e+02  1.600e+01  7.720e-03
 6.600e+02  1.700e+01  8.590e-03
 6.600e+02  1.800e+01  9.530e-03
 6.600e+02  1.900e+01  1.050e-02
 6.600e+02  2.000e+01  1.160e-02
 6.600e+02  2.500e+01  1.780e-02
 6.600e+02  3.000e+01  2.550e-02
 6.600e+02  3.500e+01  3.460e-02
 6.600e+02  4.000e+01  4.520e-02
 6.600e+02  4.500e+01  5.710e-02
 6.600e+02  5.000e+01  7.050e-02
 6.600e+02  5.500e+01  8.530e-02
 6.600e+02  6.000e+01  1.010e-01
