# mhp       tanbeta      NLO_xsec
 3.400e+02  1.000e-01  1.120e+02
 3.400e+02  2.000e-01  2.810e+01
 3.400e+02  3.000e-01  1.250e+01
 3.400e+02  4.000e-01  7.020e+00
 3.400e+02  5.000e-01  4.490e+00
 3.400e+02  6.000e-01  3.120e+00
 3.400e+02  7.000e-01  2.290e+00
 3.400e+02  8.000e-01  1.750e+00
 3.400e+02  9.000e-01  1.390e+00
 3.400e+02  1.000e+00  1.120e+00
 3.400e+02  2.000e+00  2.820e-01
 3.400e+02  3.000e+00  1.270e-01
 3.400e+02  4.000e+00  7.420e-02
 3.400e+02  5.000e+00  5.120e-02
 3.400e+02  6.000e+00  4.020e-02
 3.400e+02  7.000e+00  3.520e-02
 3.400e+02  8.000e+00  3.360e-02
 3.400e+02  9.000e+00  3.420e-02
 3.400e+02  1.000e+01  3.640e-02
 3.400e+02  1.100e+01  3.970e-02
 3.400e+02  1.200e+01  4.400e-02
 3.400e+02  1.300e+01  4.910e-02
 3.400e+02  1.400e+01  5.500e-02
 3.400e+02  1.500e+01  6.160e-02
 3.400e+02  1.600e+01  6.880e-02
 3.400e+02  1.700e+01  7.660e-02
 3.400e+02  1.800e+01  8.490e-02
 3.400e+02  1.900e+01  9.390e-02
 3.400e+02  2.000e+01  1.030e-01
 3.400e+02  2.500e+01  1.590e-01
 3.400e+02  3.000e+01  2.280e-01
 3.400e+02  3.500e+01  3.090e-01
 3.400e+02  4.000e+01  4.030e-01
 3.400e+02  4.500e+01  5.100e-01
 3.400e+02  5.000e+01  6.290e-01
 3.400e+02  5.500e+01  7.610e-01
 3.400e+02  6.000e+01  9.060e-01
