# mhp       tanbeta      NLO_xsec
 7.600e+02  1.000e-01  7.300e+00
 7.600e+02  2.000e-01  1.820e+00
 7.600e+02  3.000e-01  8.110e-01
 7.600e+02  4.000e-01  4.560e-01
 7.600e+02  5.000e-01  2.920e-01
 7.600e+02  6.000e-01  2.030e-01
 7.600e+02  7.000e-01  1.490e-01
 7.600e+02  8.000e-01  1.140e-01
 7.600e+02  9.000e-01  9.010e-02
 7.600e+02  1.000e+00  7.300e-02
 7.600e+02  2.000e+00  1.830e-02
 7.600e+02  3.000e+00  8.250e-03
 7.600e+02  4.000e+00  4.810e-03
 7.600e+02  5.000e+00  3.310e-03
 7.600e+02  6.000e+00  2.600e-03
 7.600e+02  7.000e+00  2.260e-03
 7.600e+02  8.000e+00  2.150e-03
 7.600e+02  9.000e+00  2.180e-03
 7.600e+02  1.000e+01  2.310e-03
 7.600e+02  1.100e+01  2.520e-03
 7.600e+02  1.200e+01  2.780e-03
 7.600e+02  1.300e+01  3.100e-03
 7.600e+02  1.400e+01  3.470e-03
 7.600e+02  1.500e+01  3.880e-03
 7.600e+02  1.600e+01  4.330e-03
 7.600e+02  1.700e+01  4.820e-03
 7.600e+02  1.800e+01  5.350e-03
 7.600e+02  1.900e+01  5.910e-03
 7.600e+02  2.000e+01  6.500e-03
 7.600e+02  2.500e+01  9.990e-03
 7.600e+02  3.000e+01  1.430e-02
 7.600e+02  3.500e+01  1.940e-02
 7.600e+02  4.000e+01  2.530e-02
 7.600e+02  4.500e+01  3.200e-02
 7.600e+02  5.000e+01  3.950e-02
 7.600e+02  5.500e+01  4.780e-02
 7.600e+02  6.000e+01  5.690e-02
