# mhp       tanbeta      NLO_xsec
 5.200e+02  1.000e-01  3.100e+01
 5.200e+02  2.000e-01  7.740e+00
 5.200e+02  3.000e-01  3.440e+00
 5.200e+02  4.000e-01  1.940e+00
 5.200e+02  5.000e-01  1.240e+00
 5.200e+02  6.000e-01  8.600e-01
 5.200e+02  7.000e-01  6.320e-01
 5.200e+02  8.000e-01  4.840e-01
 5.200e+02  9.000e-01  3.820e-01
 5.200e+02  1.000e+00  3.100e-01
 5.200e+02  2.000e+00  7.770e-02
 5.200e+02  3.000e+00  3.500e-02
 5.200e+02  4.000e+00  2.040e-02
 5.200e+02  5.000e+00  1.410e-02
 5.200e+02  6.000e+00  1.110e-02
 5.200e+02  7.000e+00  9.660e-03
 5.200e+02  8.000e+00  9.200e-03
 5.200e+02  9.000e+00  9.340e-03
 5.200e+02  1.000e+01  9.910e-03
 5.200e+02  1.100e+01  1.080e-02
 5.200e+02  1.200e+01  1.200e-02
 5.200e+02  1.300e+01  1.330e-02
 5.200e+02  1.400e+01  1.490e-02
 5.200e+02  1.500e+01  1.670e-02
 5.200e+02  1.600e+01  1.870e-02
 5.200e+02  1.700e+01  2.080e-02
 5.200e+02  1.800e+01  2.300e-02
 5.200e+02  1.900e+01  2.550e-02
 5.200e+02  2.000e+01  2.800e-02
 5.200e+02  2.500e+01  4.310e-02
 5.200e+02  3.000e+01  6.170e-02
 5.200e+02  3.500e+01  8.370e-02
 5.200e+02  4.000e+01  1.090e-01
 5.200e+02  4.500e+01  1.380e-01
 5.200e+02  5.000e+01  1.700e-01
 5.200e+02  5.500e+01  2.060e-01
 5.200e+02  6.000e+01  2.450e-01
