# mhp       tanbeta      NLO_xsec
 2.600e+02  1.000e-01  2.150e+02
 2.600e+02  2.000e-01  5.370e+01
 2.600e+02  3.000e-01  2.390e+01
 2.600e+02  4.000e-01  1.340e+01
 2.600e+02  5.000e-01  8.600e+00
 2.600e+02  6.000e-01  5.970e+00
 2.600e+02  7.000e-01  4.390e+00
 2.600e+02  8.000e-01  3.360e+00
 2.600e+02  9.000e-01  2.650e+00
 2.600e+02  1.000e+00  2.150e+00
 2.600e+02  2.000e+00  5.390e-01
 2.600e+02  3.000e+00  2.430e-01
 2.600e+02  4.000e+00  1.420e-01
 2.600e+02  5.000e+00  9.810e-02
 2.600e+02  6.000e+00  7.720e-02
 2.600e+02  7.000e+00  6.770e-02
 2.600e+02  8.000e+00  6.470e-02
 2.600e+02  9.000e+00  6.600e-02
 2.600e+02  1.000e+01  7.020e-02
 2.600e+02  1.100e+01  7.670e-02
 2.600e+02  1.200e+01  8.510e-02
 2.600e+02  1.300e+01  9.500e-02
 2.600e+02  1.400e+01  1.060e-01
 2.600e+02  1.500e+01  1.190e-01
 2.600e+02  1.600e+01  1.330e-01
 2.600e+02  1.700e+01  1.480e-01
 2.600e+02  1.800e+01  1.640e-01
 2.600e+02  1.900e+01  1.820e-01
 2.600e+02  2.000e+01  2.000e-01
 2.600e+02  2.500e+01  3.080e-01
 2.600e+02  3.000e+01  4.410e-01
 2.600e+02  3.500e+01  5.980e-01
 2.600e+02  4.000e+01  7.800e-01
 2.600e+02  4.500e+01  9.870e-01
 2.600e+02  5.000e+01  1.220e+00
 2.600e+02  5.500e+01  1.470e+00
 2.600e+02  6.000e+01  1.750e+00
