# mhp       tanbeta      NLO_xsec
 6.000e+02  1.000e-01  1.780e+01
 6.000e+02  2.000e-01  4.460e+00
 6.000e+02  3.000e-01  1.980e+00
 6.000e+02  4.000e-01  1.120e+00
 6.000e+02  5.000e-01  7.140e-01
 6.000e+02  6.000e-01  4.960e-01
 6.000e+02  7.000e-01  3.640e-01
 6.000e+02  8.000e-01  2.790e-01
 6.000e+02  9.000e-01  2.200e-01
 6.000e+02  1.000e+00  1.780e-01
 6.000e+02  2.000e+00  4.480e-02
 6.000e+02  3.000e+00  2.020e-02
 6.000e+02  4.000e+00  1.180e-02
 6.000e+02  5.000e+00  8.130e-03
 6.000e+02  6.000e+00  6.390e-03
 6.000e+02  7.000e+00  5.590e-03
 6.000e+02  8.000e+00  5.340e-03
 6.000e+02  9.000e+00  5.430e-03
 6.000e+02  1.000e+01  5.770e-03
 6.000e+02  1.100e+01  6.290e-03
 6.000e+02  1.200e+01  6.970e-03
 6.000e+02  1.300e+01  7.790e-03
 6.000e+02  1.400e+01  8.720e-03
 6.000e+02  1.500e+01  9.750e-03
 6.000e+02  1.600e+01  1.090e-02
 6.000e+02  1.700e+01  1.210e-02
 6.000e+02  1.800e+01  1.350e-02
 6.000e+02  1.900e+01  1.490e-02
 6.000e+02  2.000e+01  1.640e-02
 6.000e+02  2.500e+01  2.520e-02
 6.000e+02  3.000e+01  3.600e-02
 6.000e+02  3.500e+01  4.890e-02
 6.000e+02  4.000e+01  6.380e-02
 6.000e+02  4.500e+01  8.070e-02
 6.000e+02  5.000e+01  9.960e-02
 6.000e+02  5.500e+01  1.210e-01
 6.000e+02  6.000e+01  1.430e-01
