# mhp       tanbeta      NLO_xsec
 5.000e+02  1.000e-01  3.360e+01
 5.000e+02  2.000e-01  8.400e+00
 5.000e+02  3.000e-01  3.730e+00
 5.000e+02  4.000e-01  2.100e+00
 5.000e+02  5.000e-01  1.340e+00
 5.000e+02  6.000e-01  9.330e-01
 5.000e+02  7.000e-01  6.850e-01
 5.000e+02  8.000e-01  5.250e-01
 5.000e+02  9.000e-01  4.150e-01
 5.000e+02  1.000e+00  3.360e-01
 5.000e+02  2.000e+00  8.430e-02
 5.000e+02  3.000e+00  3.800e-02
 5.000e+02  4.000e+00  2.220e-02
 5.000e+02  5.000e+00  1.530e-02
 5.000e+02  6.000e+00  1.200e-02
 5.000e+02  7.000e+00  1.060e-02
 5.000e+02  8.000e+00  1.010e-02
 5.000e+02  9.000e+00  1.030e-02
 5.000e+02  1.000e+01  1.090e-02
 5.000e+02  1.100e+01  1.190e-02
 5.000e+02  1.200e+01  1.320e-02
 5.000e+02  1.300e+01  1.480e-02
 5.000e+02  1.400e+01  1.650e-02
 5.000e+02  1.500e+01  1.850e-02
 5.000e+02  1.600e+01  2.070e-02
 5.000e+02  1.700e+01  2.300e-02
 5.000e+02  1.800e+01  2.550e-02
 5.000e+02  1.900e+01  2.820e-02
 5.000e+02  2.000e+01  3.110e-02
 5.000e+02  2.500e+01  4.780e-02
 5.000e+02  3.000e+01  6.840e-02
 5.000e+02  3.500e+01  9.280e-02
 5.000e+02  4.000e+01  1.210e-01
 5.000e+02  4.500e+01  1.530e-01
 5.000e+02  5.000e+01  1.890e-01
 5.000e+02  5.500e+01  2.290e-01
 5.000e+02  6.000e+01  2.720e-01
