# mhp       tanbeta      NLO_xsec
 7.800e+02  1.000e-01  6.470e+00
 7.800e+02  2.000e-01  1.620e+00
 7.800e+02  3.000e-01  7.180e-01
 7.800e+02  4.000e-01  4.040e-01
 7.800e+02  5.000e-01  2.590e-01
 7.800e+02  6.000e-01  1.800e-01
 7.800e+02  7.000e-01  1.320e-01
 7.800e+02  8.000e-01  1.010e-01
 7.800e+02  9.000e-01  7.980e-02
 7.800e+02  1.000e+00  6.470e-02
 7.800e+02  2.000e+00  1.620e-02
 7.800e+02  3.000e+00  7.310e-03
 7.800e+02  4.000e+00  4.270e-03
 7.800e+02  5.000e+00  2.940e-03
 7.800e+02  6.000e+00  2.310e-03
 7.800e+02  7.000e+00  2.020e-03
 7.800e+02  8.000e+00  1.920e-03
 7.800e+02  9.000e+00  1.950e-03
 7.800e+02  1.000e+01  2.070e-03
 7.800e+02  1.100e+01  2.260e-03
 7.800e+02  1.200e+01  2.500e-03
 7.800e+02  1.300e+01  2.790e-03
 7.800e+02  1.400e+01  3.130e-03
 7.800e+02  1.500e+01  3.500e-03
 7.800e+02  1.600e+01  3.910e-03
 7.800e+02  1.700e+01  4.350e-03
 7.800e+02  1.800e+01  4.820e-03
 7.800e+02  1.900e+01  5.330e-03
 7.800e+02  2.000e+01  5.870e-03
 7.800e+02  2.500e+01  9.020e-03
 7.800e+02  3.000e+01  1.290e-02
 7.800e+02  3.500e+01  1.750e-02
 7.800e+02  4.000e+01  2.290e-02
 7.800e+02  4.500e+01  2.890e-02
 7.800e+02  5.000e+01  3.570e-02
 7.800e+02  5.500e+01  4.320e-02
 7.800e+02  6.000e+01  5.140e-02
