# mhp       tanbeta      NLO_xsec
 4.400e+02  1.000e-01  5.180e+01
 4.400e+02  2.000e-01  1.300e+01
 4.400e+02  3.000e-01  5.760e+00
 4.400e+02  4.000e-01  3.240e+00
 4.400e+02  5.000e-01  2.070e+00
 4.400e+02  6.000e-01  1.440e+00
 4.400e+02  7.000e-01  1.060e+00
 4.400e+02  8.000e-01  8.100e-01
 4.400e+02  9.000e-01  6.400e-01
 4.400e+02  1.000e+00  5.180e-01
 4.400e+02  2.000e+00  1.300e-01
 4.400e+02  3.000e+00  5.870e-02
 4.400e+02  4.000e+00  3.430e-02
 4.400e+02  5.000e+00  2.370e-02
 4.400e+02  6.000e+00  1.860e-02
 4.400e+02  7.000e+00  1.630e-02
 4.400e+02  8.000e+00  1.560e-02
 4.400e+02  9.000e+00  1.590e-02
 4.400e+02  1.000e+01  1.690e-02
 4.400e+02  1.100e+01  1.850e-02
 4.400e+02  1.200e+01  2.050e-02
 4.400e+02  1.300e+01  2.290e-02
 4.400e+02  1.400e+01  2.560e-02
 4.400e+02  1.500e+01  2.870e-02
 4.400e+02  1.600e+01  3.200e-02
 4.400e+02  1.700e+01  3.570e-02
 4.400e+02  1.800e+01  3.960e-02
 4.400e+02  1.900e+01  4.380e-02
 4.400e+02  2.000e+01  4.820e-02
 4.400e+02  2.500e+01  7.410e-02
 4.400e+02  3.000e+01  1.060e-01
 4.400e+02  3.500e+01  1.440e-01
 4.400e+02  4.000e+01  1.880e-01
 4.400e+02  4.500e+01  2.380e-01
 4.400e+02  5.000e+01  2.930e-01
 4.400e+02  5.500e+01  3.550e-01
 4.400e+02  6.000e+01  4.220e-01
