# mhp       tanbeta      NLO_xsec
 4.600e+02  1.000e-01  4.650e+01
 4.600e+02  2.000e-01  1.160e+01
 4.600e+02  3.000e-01  5.160e+00
 4.600e+02  4.000e-01  2.900e+00
 4.600e+02  5.000e-01  1.860e+00
 4.600e+02  6.000e-01  1.290e+00
 4.600e+02  7.000e-01  9.480e-01
 4.600e+02  8.000e-01  7.260e-01
 4.600e+02  9.000e-01  5.740e-01
 4.600e+02  1.000e+00  4.650e-01
 4.600e+02  2.000e+00  1.170e-01
 4.600e+02  3.000e+00  5.260e-02
 4.600e+02  4.000e+00  3.070e-02
 4.600e+02  5.000e+00  2.120e-02
 4.600e+02  6.000e+00  1.660e-02
 4.600e+02  7.000e+00  1.450e-02
 4.600e+02  8.000e+00  1.380e-02
 4.600e+02  9.000e+00  1.410e-02
 4.600e+02  1.000e+01  1.490e-02
 4.600e+02  1.100e+01  1.630e-02
 4.600e+02  1.200e+01  1.800e-02
 4.600e+02  1.300e+01  2.010e-02
 4.600e+02  1.400e+01  2.250e-02
 4.600e+02  1.500e+01  2.520e-02
 4.600e+02  1.600e+01  2.810e-02
 4.600e+02  1.700e+01  3.130e-02
 4.600e+02  1.800e+01  3.470e-02
 4.600e+02  1.900e+01  3.840e-02
 4.600e+02  2.000e+01  4.230e-02
 4.600e+02  2.500e+01  6.500e-02
 4.600e+02  3.000e+01  9.300e-02
 4.600e+02  3.500e+01  1.260e-01
 4.600e+02  4.000e+01  1.650e-01
 4.600e+02  4.500e+01  2.080e-01
 4.600e+02  5.000e+01  2.570e-01
 4.600e+02  5.500e+01  3.110e-01
 4.600e+02  6.000e+01  3.700e-01
