# mhp       tanbeta      NLO_xsec
 5.400e+02  1.000e-01  2.720e+01
 5.400e+02  2.000e-01  6.790e+00
 5.400e+02  3.000e-01  3.020e+00
 5.400e+02  4.000e-01  1.700e+00
 5.400e+02  5.000e-01  1.090e+00
 5.400e+02  6.000e-01  7.550e-01
 5.400e+02  7.000e-01  5.550e-01
 5.400e+02  8.000e-01  4.250e-01
 5.400e+02  9.000e-01  3.360e-01
 5.400e+02  1.000e+00  2.720e-01
 5.400e+02  2.000e+00  6.820e-02
 5.400e+02  3.000e+00  3.070e-02
 5.400e+02  4.000e+00  1.790e-02
 5.400e+02  5.000e+00  1.240e-02
 5.400e+02  6.000e+00  9.700e-03
 5.400e+02  7.000e+00  8.470e-03
 5.400e+02  8.000e+00  8.070e-03
 5.400e+02  9.000e+00  8.190e-03
 5.400e+02  1.000e+01  8.690e-03
 5.400e+02  1.100e+01  9.470e-03
 5.400e+02  1.200e+01  1.050e-02
 5.400e+02  1.300e+01  1.170e-02
 5.400e+02  1.400e+01  1.310e-02
 5.400e+02  1.500e+01  1.460e-02
 5.400e+02  1.600e+01  1.630e-02
 5.400e+02  1.700e+01  1.820e-02
 5.400e+02  1.800e+01  2.020e-02
 5.400e+02  1.900e+01  2.230e-02
 5.400e+02  2.000e+01  2.460e-02
 5.400e+02  2.500e+01  3.770e-02
 5.400e+02  3.000e+01  5.400e-02
 5.400e+02  3.500e+01  7.330e-02
 5.400e+02  4.000e+01  9.570e-02
 5.400e+02  4.500e+01  1.210e-01
 5.400e+02  5.000e+01  1.490e-01
 5.400e+02  5.500e+01  1.810e-01
 5.400e+02  6.000e+01  2.150e-01
