# mhp       tanbeta      NLO_xsec
 5.800e+02  1.000e-01  2.110e+01
 5.800e+02  2.000e-01  5.260e+00
 5.800e+02  3.000e-01  2.340e+00
 5.800e+02  4.000e-01  1.320e+00
 5.800e+02  5.000e-01  8.420e-01
 5.800e+02  6.000e-01  5.850e-01
 5.800e+02  7.000e-01  4.300e-01
 5.800e+02  8.000e-01  3.290e-01
 5.800e+02  9.000e-01  2.600e-01
 5.800e+02  1.000e+00  2.110e-01
 5.800e+02  2.000e+00  5.280e-02
 5.800e+02  3.000e+00  2.380e-02
 5.800e+02  4.000e+00  1.390e-02
 5.800e+02  5.000e+00  9.580e-03
 5.800e+02  6.000e+00  7.510e-03
 5.800e+02  7.000e+00  6.560e-03
 5.800e+02  8.000e+00  6.240e-03
 5.800e+02  9.000e+00  6.340e-03
 5.800e+02  1.000e+01  6.720e-03
 5.800e+02  1.100e+01  7.320e-03
 5.800e+02  1.200e+01  8.100e-03
 5.800e+02  1.300e+01  9.040e-03
 5.800e+02  1.400e+01  1.010e-02
 5.800e+02  1.500e+01  1.130e-02
 5.800e+02  1.600e+01  1.260e-02
 5.800e+02  1.700e+01  1.410e-02
 5.800e+02  1.800e+01  1.560e-02
 5.800e+02  1.900e+01  1.720e-02
 5.800e+02  2.000e+01  1.900e-02
 5.800e+02  2.500e+01  2.920e-02
 5.800e+02  3.000e+01  4.170e-02
 5.800e+02  3.500e+01  5.670e-02
 5.800e+02  4.000e+01  7.390e-02
 5.800e+02  4.500e+01  9.350e-02
 5.800e+02  5.000e+01  1.150e-01
 5.800e+02  5.500e+01  1.400e-01
 5.800e+02  6.000e+01  1.660e-01
