# mhp       tanbeta      NLO_xsec
 9.400e+02  1.000e-01  2.860e+00
 9.400e+02  2.000e-01  7.140e-01
 9.400e+02  3.000e-01  3.170e-01
 9.400e+02  4.000e-01  1.790e-01
 9.400e+02  5.000e-01  1.140e-01
 9.400e+02  6.000e-01  7.930e-02
 9.400e+02  7.000e-01  5.830e-02
 9.400e+02  8.000e-01  4.460e-02
 9.400e+02  9.000e-01  3.530e-02
 9.400e+02  1.000e+00  2.860e-02
 9.400e+02  2.000e+00  7.170e-03
 9.400e+02  3.000e+00  3.230e-03
 9.400e+02  4.000e+00  1.890e-03
 9.400e+02  5.000e+00  1.300e-03
 9.400e+02  6.000e+00  1.020e-03
 9.400e+02  7.000e+00  8.890e-04
 9.400e+02  8.000e+00  8.460e-04
 9.400e+02  9.000e+00  8.590e-04
 9.400e+02  1.000e+01  9.110e-04
 9.400e+02  1.100e+01  9.930e-04
 9.400e+02  1.200e+01  1.100e-03
 9.400e+02  1.300e+01  1.230e-03
 9.400e+02  1.400e+01  1.370e-03
 9.400e+02  1.500e+01  1.530e-03
 9.400e+02  1.600e+01  1.710e-03
 9.400e+02  1.700e+01  1.910e-03
 9.400e+02  1.800e+01  2.110e-03
 9.400e+02  1.900e+01  2.340e-03
 9.400e+02  2.000e+01  2.570e-03
 9.400e+02  2.500e+01  3.950e-03
 9.400e+02  3.000e+01  5.660e-03
 9.400e+02  3.500e+01  7.680e-03
 9.400e+02  4.000e+01  1.000e-02
 9.400e+02  4.500e+01  1.270e-02
 9.400e+02  5.000e+01  1.560e-02
 9.400e+02  5.500e+01  1.890e-02
 9.400e+02  6.000e+01  2.250e-02
