# mhp       tanbeta      NLO_xsec
 7.800e+02  1.000e-01  6.430e+00
 7.800e+02  2.000e-01  1.610e+00
 7.800e+02  3.000e-01  7.140e-01
 7.800e+02  4.000e-01  4.020e-01
 7.800e+02  5.000e-01  2.570e-01
 7.800e+02  6.000e-01  1.790e-01
 7.800e+02  7.000e-01  1.310e-01
 7.800e+02  8.000e-01  1.000e-01
 7.800e+02  9.000e-01  7.940e-02
 7.800e+02  1.000e+00  6.430e-02
 7.800e+02  2.000e+00  1.610e-02
 7.800e+02  3.000e+00  7.270e-03
 7.800e+02  4.000e+00  4.240e-03
 7.800e+02  5.000e+00  2.930e-03
 7.800e+02  6.000e+00  2.300e-03
 7.800e+02  7.000e+00  2.010e-03
 7.800e+02  8.000e+00  1.910e-03
 7.800e+02  9.000e+00  1.940e-03
 7.800e+02  1.000e+01  2.060e-03
 7.800e+02  1.100e+01  2.250e-03
 7.800e+02  1.200e+01  2.490e-03
 7.800e+02  1.300e+01  2.780e-03
 7.800e+02  1.400e+01  3.110e-03
 7.800e+02  1.500e+01  3.480e-03
 7.800e+02  1.600e+01  3.880e-03
 7.800e+02  1.700e+01  4.320e-03
 7.800e+02  1.800e+01  4.790e-03
 7.800e+02  1.900e+01  5.300e-03
 7.800e+02  2.000e+01  5.830e-03
 7.800e+02  2.500e+01  8.970e-03
 7.800e+02  3.000e+01  1.280e-02
 7.800e+02  3.500e+01  1.740e-02
 7.800e+02  4.000e+01  2.270e-02
 7.800e+02  4.500e+01  2.870e-02
 7.800e+02  5.000e+01  3.550e-02
 7.800e+02  5.500e+01  4.290e-02
 7.800e+02  6.000e+01  5.110e-02
