# mhp       tanbeta      NLO_xsec
 6.400e+02  1.000e-01  1.410e+01
 6.400e+02  2.000e-01  3.510e+00
 6.400e+02  3.000e-01  1.560e+00
 6.400e+02  4.000e-01  8.780e-01
 6.400e+02  5.000e-01  5.620e-01
 6.400e+02  6.000e-01  3.900e-01
 6.400e+02  7.000e-01  2.870e-01
 6.400e+02  8.000e-01  2.200e-01
 6.400e+02  9.000e-01  1.740e-01
 6.400e+02  1.000e+00  1.410e-01
 6.400e+02  2.000e+00  3.530e-02
 6.400e+02  3.000e+00  1.590e-02
 6.400e+02  4.000e+00  9.280e-03
 6.400e+02  5.000e+00  6.400e-03
 6.400e+02  6.000e+00  5.030e-03
 6.400e+02  7.000e+00  4.400e-03
 6.400e+02  8.000e+00  4.200e-03
 6.400e+02  9.000e+00  4.270e-03
 6.400e+02  1.000e+01  4.530e-03
 6.400e+02  1.100e+01  4.950e-03
 6.400e+02  1.200e+01  5.480e-03
 6.400e+02  1.300e+01  6.120e-03
 6.400e+02  1.400e+01  6.850e-03
 6.400e+02  1.500e+01  7.660e-03
 6.400e+02  1.600e+01  8.560e-03
 6.400e+02  1.700e+01  9.530e-03
 6.400e+02  1.800e+01  1.060e-02
 6.400e+02  1.900e+01  1.170e-02
 6.400e+02  2.000e+01  1.290e-02
 6.400e+02  2.500e+01  1.980e-02
 6.400e+02  3.000e+01  2.830e-02
 6.400e+02  3.500e+01  3.840e-02
 6.400e+02  4.000e+01  5.010e-02
 6.400e+02  4.500e+01  6.340e-02
 6.400e+02  5.000e+01  7.820e-02
 6.400e+02  5.500e+01  9.470e-02
 6.400e+02  6.000e+01  1.130e-01
