# mhp       tanbeta      NLO_xsec
 6.200e+02  1.000e-01  1.610e+01
 6.200e+02  2.000e-01  4.020e+00
 6.200e+02  3.000e-01  1.790e+00
 6.200e+02  4.000e-01  1.010e+00
 6.200e+02  5.000e-01  6.440e-01
 6.200e+02  6.000e-01  4.470e-01
 6.200e+02  7.000e-01  3.280e-01
 6.200e+02  8.000e-01  2.510e-01
 6.200e+02  9.000e-01  1.990e-01
 6.200e+02  1.000e+00  1.610e-01
 6.200e+02  2.000e+00  4.040e-02
 6.200e+02  3.000e+00  1.820e-02
 6.200e+02  4.000e+00  1.060e-02
 6.200e+02  5.000e+00  7.330e-03
 6.200e+02  6.000e+00  5.760e-03
 6.200e+02  7.000e+00  5.040e-03
 6.200e+02  8.000e+00  4.810e-03
 6.200e+02  9.000e+00  4.890e-03
 6.200e+02  1.000e+01  5.190e-03
 6.200e+02  1.100e+01  5.670e-03
 6.200e+02  1.200e+01  6.280e-03
 6.200e+02  1.300e+01  7.010e-03
 6.200e+02  1.400e+01  7.850e-03
 6.200e+02  1.500e+01  8.780e-03
 6.200e+02  1.600e+01  9.810e-03
 6.200e+02  1.700e+01  1.090e-02
 6.200e+02  1.800e+01  1.210e-02
 6.200e+02  1.900e+01  1.340e-02
 6.200e+02  2.000e+01  1.470e-02
 6.200e+02  2.500e+01  2.270e-02
 6.200e+02  3.000e+01  3.240e-02
 6.200e+02  3.500e+01  4.410e-02
 6.200e+02  4.000e+01  5.750e-02
 6.200e+02  4.500e+01  7.270e-02
 6.200e+02  5.000e+01  8.970e-02
 6.200e+02  5.500e+01  1.090e-01
 6.200e+02  6.000e+01  1.290e-01
