# mhp       tanbeta      NLO_xsec
 5.000e+02  1.000e-01  3.540e+01
 5.000e+02  2.000e-01  8.840e+00
 5.000e+02  3.000e-01  3.930e+00
 5.000e+02  4.000e-01  2.210e+00
 5.000e+02  5.000e-01  1.410e+00
 5.000e+02  6.000e-01  9.830e-01
 5.000e+02  7.000e-01  7.220e-01
 5.000e+02  8.000e-01  5.530e-01
 5.000e+02  9.000e-01  4.370e-01
 5.000e+02  1.000e+00  3.540e-01
 5.000e+02  2.000e+00  8.870e-02
 5.000e+02  3.000e+00  4.000e-02
 5.000e+02  4.000e+00  2.340e-02
 5.000e+02  5.000e+00  1.610e-02
 5.000e+02  6.000e+00  1.260e-02
 5.000e+02  7.000e+00  1.100e-02
 5.000e+02  8.000e+00  1.050e-02
 5.000e+02  9.000e+00  1.070e-02
 5.000e+02  1.000e+01  1.130e-02
 5.000e+02  1.100e+01  1.240e-02
 5.000e+02  1.200e+01  1.370e-02
 5.000e+02  1.300e+01  1.530e-02
 5.000e+02  1.400e+01  1.710e-02
 5.000e+02  1.500e+01  1.910e-02
 5.000e+02  1.600e+01  2.130e-02
 5.000e+02  1.700e+01  2.380e-02
 5.000e+02  1.800e+01  2.630e-02
 5.000e+02  1.900e+01  2.910e-02
 5.000e+02  2.000e+01  3.210e-02
 5.000e+02  2.500e+01  4.930e-02
 5.000e+02  3.000e+01  7.060e-02
 5.000e+02  3.500e+01  9.580e-02
 5.000e+02  4.000e+01  1.250e-01
 5.000e+02  4.500e+01  1.580e-01
 5.000e+02  5.000e+01  1.950e-01
 5.000e+02  5.500e+01  2.360e-01
 5.000e+02  6.000e+01  2.810e-01
