# mhp       tanbeta      NLO_xsec
 3.800e+02  1.000e-01  8.270e+01
 3.800e+02  2.000e-01  2.070e+01
 3.800e+02  3.000e-01  9.190e+00
 3.800e+02  4.000e-01  5.170e+00
 3.800e+02  5.000e-01  3.310e+00
 3.800e+02  6.000e-01  2.300e+00
 3.800e+02  7.000e-01  1.690e+00
 3.800e+02  8.000e-01  1.290e+00
 3.800e+02  9.000e-01  1.020e+00
 3.800e+02  1.000e+00  8.270e-01
 3.800e+02  2.000e+00  2.070e-01
 3.800e+02  3.000e+00  9.350e-02
 3.800e+02  4.000e+00  5.460e-02
 3.800e+02  5.000e+00  3.770e-02
 3.800e+02  6.000e+00  2.960e-02
 3.800e+02  7.000e+00  2.590e-02
 3.800e+02  8.000e+00  2.470e-02
 3.800e+02  9.000e+00  2.510e-02
 3.800e+02  1.000e+01  2.670e-02
 3.800e+02  1.100e+01  2.910e-02
 3.800e+02  1.200e+01  3.230e-02
 3.800e+02  1.300e+01  3.610e-02
 3.800e+02  1.400e+01  4.040e-02
 3.800e+02  1.500e+01  4.520e-02
 3.800e+02  1.600e+01  5.040e-02
 3.800e+02  1.700e+01  5.620e-02
 3.800e+02  1.800e+01  6.230e-02
 3.800e+02  1.900e+01  6.890e-02
 3.800e+02  2.000e+01  7.580e-02
 3.800e+02  2.500e+01  1.170e-01
 3.800e+02  3.000e+01  1.670e-01
 3.800e+02  3.500e+01  2.270e-01
 3.800e+02  4.000e+01  2.960e-01
 3.800e+02  4.500e+01  3.740e-01
 3.800e+02  5.000e+01  4.610e-01
 3.800e+02  5.500e+01  5.580e-01
 3.800e+02  6.000e+01  6.640e-01
