# mhp       tanbeta      NLO_xsec
 4.800e+02  1.000e-01  3.930e+01
 4.800e+02  2.000e-01  9.830e+00
 4.800e+02  3.000e-01  4.370e+00
 4.800e+02  4.000e-01  2.460e+00
 4.800e+02  5.000e-01  1.570e+00
 4.800e+02  6.000e-01  1.090e+00
 4.800e+02  7.000e-01  8.030e-01
 4.800e+02  8.000e-01  6.150e-01
 4.800e+02  9.000e-01  4.860e-01
 4.800e+02  1.000e+00  3.930e-01
 4.800e+02  2.000e+00  9.870e-02
 4.800e+02  3.000e+00  4.450e-02
 4.800e+02  4.000e+00  2.600e-02
 4.800e+02  5.000e+00  1.790e-02
 4.800e+02  6.000e+00  1.410e-02
 4.800e+02  7.000e+00  1.240e-02
 4.800e+02  8.000e+00  1.180e-02
 4.800e+02  9.000e+00  1.200e-02
 4.800e+02  1.000e+01  1.280e-02
 4.800e+02  1.100e+01  1.400e-02
 4.800e+02  1.200e+01  1.550e-02
 4.800e+02  1.300e+01  1.730e-02
 4.800e+02  1.400e+01  1.940e-02
 4.800e+02  1.500e+01  2.170e-02
 4.800e+02  1.600e+01  2.420e-02
 4.800e+02  1.700e+01  2.700e-02
 4.800e+02  1.800e+01  2.990e-02
 4.800e+02  1.900e+01  3.310e-02
 4.800e+02  2.000e+01  3.640e-02
 4.800e+02  2.500e+01  5.600e-02
 4.800e+02  3.000e+01  8.020e-02
 4.800e+02  3.500e+01  1.090e-01
 4.800e+02  4.000e+01  1.420e-01
 4.800e+02  4.500e+01  1.800e-01
 4.800e+02  5.000e+01  2.220e-01
 4.800e+02  5.500e+01  2.680e-01
 4.800e+02  6.000e+01  3.190e-01
