# mhp       tanbeta      NLO_xsec
 5.200e+02  1.000e-01  2.950e+01
 5.200e+02  2.000e-01  7.370e+00
 5.200e+02  3.000e-01  3.270e+00
 5.200e+02  4.000e-01  1.840e+00
 5.200e+02  5.000e-01  1.180e+00
 5.200e+02  6.000e-01  8.180e-01
 5.200e+02  7.000e-01  6.010e-01
 5.200e+02  8.000e-01  4.600e-01
 5.200e+02  9.000e-01  3.640e-01
 5.200e+02  1.000e+00  2.950e-01
 5.200e+02  2.000e+00  7.390e-02
 5.200e+02  3.000e+00  3.330e-02
 5.200e+02  4.000e+00  1.950e-02
 5.200e+02  5.000e+00  1.340e-02
 5.200e+02  6.000e+00  1.060e-02
 5.200e+02  7.000e+00  9.260e-03
 5.200e+02  8.000e+00  8.840e-03
 5.200e+02  9.000e+00  9.000e-03
 5.200e+02  1.000e+01  9.560e-03
 5.200e+02  1.100e+01  1.040e-02
 5.200e+02  1.200e+01  1.160e-02
 5.200e+02  1.300e+01  1.290e-02
 5.200e+02  1.400e+01  1.450e-02
 5.200e+02  1.500e+01  1.620e-02
 5.200e+02  1.600e+01  1.810e-02
 5.200e+02  1.700e+01  2.010e-02
 5.200e+02  1.800e+01  2.230e-02
 5.200e+02  1.900e+01  2.470e-02
 5.200e+02  2.000e+01  2.720e-02
 5.200e+02  2.500e+01  4.180e-02
 5.200e+02  3.000e+01  5.990e-02
 5.200e+02  3.500e+01  8.130e-02
 5.200e+02  4.000e+01  1.060e-01
 5.200e+02  4.500e+01  1.340e-01
 5.200e+02  5.000e+01  1.660e-01
 5.200e+02  5.500e+01  2.000e-01
 5.200e+02  6.000e+01  2.380e-01
