# mhp       tanbeta      NLO_xsec
 6.000e+02  1.000e-01  1.820e+01
 6.000e+02  2.000e-01  4.540e+00
 6.000e+02  3.000e-01  2.020e+00
 6.000e+02  4.000e-01  1.140e+00
 6.000e+02  5.000e-01  7.270e-01
 6.000e+02  6.000e-01  5.050e-01
 6.000e+02  7.000e-01  3.710e-01
 6.000e+02  8.000e-01  2.840e-01
 6.000e+02  9.000e-01  2.240e-01
 6.000e+02  1.000e+00  1.820e-01
 6.000e+02  2.000e+00  4.560e-02
 6.000e+02  3.000e+00  2.050e-02
 6.000e+02  4.000e+00  1.200e-02
 6.000e+02  5.000e+00  8.280e-03
 6.000e+02  6.000e+00  6.510e-03
 6.000e+02  7.000e+00  5.690e-03
 6.000e+02  8.000e+00  5.430e-03
 6.000e+02  9.000e+00  5.530e-03
 6.000e+02  1.000e+01  5.870e-03
 6.000e+02  1.100e+01  6.410e-03
 6.000e+02  1.200e+01  7.100e-03
 6.000e+02  1.300e+01  7.930e-03
 6.000e+02  1.400e+01  8.870e-03
 6.000e+02  1.500e+01  9.930e-03
 6.000e+02  1.600e+01  1.110e-02
 6.000e+02  1.700e+01  1.230e-02
 6.000e+02  1.800e+01  1.370e-02
 6.000e+02  1.900e+01  1.510e-02
 6.000e+02  2.000e+01  1.670e-02
 6.000e+02  2.500e+01  2.560e-02
 6.000e+02  3.000e+01  3.670e-02
 6.000e+02  3.500e+01  4.980e-02
 6.000e+02  4.000e+01  6.500e-02
 6.000e+02  4.500e+01  8.220e-02
 6.000e+02  5.000e+01  1.010e-01
 6.000e+02  5.500e+01  1.230e-01
 6.000e+02  6.000e+01  1.460e-01
