# mhp       tanbeta      NLO_xsec
 7.400e+02  1.000e-01  7.970e+00
 7.400e+02  2.000e-01  1.990e+00
 7.400e+02  3.000e-01  8.860e-01
 7.400e+02  4.000e-01  4.980e-01
 7.400e+02  5.000e-01  3.190e-01
 7.400e+02  6.000e-01  2.220e-01
 7.400e+02  7.000e-01  1.630e-01
 7.400e+02  8.000e-01  1.250e-01
 7.400e+02  9.000e-01  9.850e-02
 7.400e+02  1.000e+00  7.980e-02
 7.400e+02  2.000e+00  2.000e-02
 7.400e+02  3.000e+00  9.020e-03
 7.400e+02  4.000e+00  5.270e-03
 7.400e+02  5.000e+00  3.630e-03
 7.400e+02  6.000e+00  2.850e-03
 7.400e+02  7.000e+00  2.490e-03
 7.400e+02  8.000e+00  2.370e-03
 7.400e+02  9.000e+00  2.410e-03
 7.400e+02  1.000e+01  2.560e-03
 7.400e+02  1.100e+01  2.790e-03
 7.400e+02  1.200e+01  3.090e-03
 7.400e+02  1.300e+01  3.450e-03
 7.400e+02  1.400e+01  3.860e-03
 7.400e+02  1.500e+01  4.320e-03
 7.400e+02  1.600e+01  4.830e-03
 7.400e+02  1.700e+01  5.370e-03
 7.400e+02  1.800e+01  5.960e-03
 7.400e+02  1.900e+01  6.590e-03
 7.400e+02  2.000e+01  7.250e-03
 7.400e+02  2.500e+01  1.120e-02
 7.400e+02  3.000e+01  1.600e-02
 7.400e+02  3.500e+01  2.170e-02
 7.400e+02  4.000e+01  2.830e-02
 7.400e+02  4.500e+01  3.580e-02
 7.400e+02  5.000e+01  4.410e-02
 7.400e+02  5.500e+01  5.340e-02
 7.400e+02  6.000e+01  6.350e-02
