# mhp       tanbeta      NLO_xsec
 7.000e+02  1.000e-01  1.020e+01
 7.000e+02  2.000e-01  2.560e+00
 7.000e+02  3.000e-01  1.140e+00
 7.000e+02  4.000e-01  6.400e-01
 7.000e+02  5.000e-01  4.100e-01
 7.000e+02  6.000e-01  2.840e-01
 7.000e+02  7.000e-01  2.090e-01
 7.000e+02  8.000e-01  1.600e-01
 7.000e+02  9.000e-01  1.260e-01
 7.000e+02  1.000e+00  1.020e-01
 7.000e+02  2.000e+00  2.570e-02
 7.000e+02  3.000e+00  1.160e-02
 7.000e+02  4.000e+00  6.760e-03
 7.000e+02  5.000e+00  4.650e-03
 7.000e+02  6.000e+00  3.650e-03
 7.000e+02  7.000e+00  3.180e-03
 7.000e+02  8.000e+00  3.020e-03
 7.000e+02  9.000e+00  3.070e-03
 7.000e+02  1.000e+01  3.250e-03
 7.000e+02  1.100e+01  3.540e-03
 7.000e+02  1.200e+01  3.920e-03
 7.000e+02  1.300e+01  4.370e-03
 7.000e+02  1.400e+01  4.880e-03
 7.000e+02  1.500e+01  5.460e-03
 7.000e+02  1.600e+01  6.100e-03
 7.000e+02  1.700e+01  6.780e-03
 7.000e+02  1.800e+01  7.530e-03
 7.000e+02  1.900e+01  8.320e-03
 7.000e+02  2.000e+01  9.160e-03
 7.000e+02  2.500e+01  1.410e-02
 7.000e+02  3.000e+01  2.010e-02
 7.000e+02  3.500e+01  2.730e-02
 7.000e+02  4.000e+01  3.570e-02
 7.000e+02  4.500e+01  4.510e-02
 7.000e+02  5.000e+01  5.570e-02
 7.000e+02  5.500e+01  6.730e-02
 7.000e+02  6.000e+01  8.010e-02
