# mhp       tanbeta      NLO_xsec
 2.800e+02  1.000e-01  1.760e+02
 2.800e+02  2.000e-01  4.390e+01
 2.800e+02  3.000e-01  1.950e+01
 2.800e+02  4.000e-01  1.100e+01
 2.800e+02  5.000e-01  7.030e+00
 2.800e+02  6.000e-01  4.880e+00
 2.800e+02  7.000e-01  3.580e+00
 2.800e+02  8.000e-01  2.740e+00
 2.800e+02  9.000e-01  2.170e+00
 2.800e+02  1.000e+00  1.760e+00
 2.800e+02  2.000e+00  4.410e-01
 2.800e+02  3.000e+00  1.990e-01
 2.800e+02  4.000e+00  1.160e-01
 2.800e+02  5.000e+00  8.040e-02
 2.800e+02  6.000e+00  6.340e-02
 2.800e+02  7.000e+00  5.570e-02
 2.800e+02  8.000e+00  5.340e-02
 2.800e+02  9.000e+00  5.450e-02
 2.800e+02  1.000e+01  5.810e-02
 2.800e+02  1.100e+01  6.350e-02
 2.800e+02  1.200e+01  7.050e-02
 2.800e+02  1.300e+01  7.880e-02
 2.800e+02  1.400e+01  8.840e-02
 2.800e+02  1.500e+01  9.890e-02
 2.800e+02  1.600e+01  1.110e-01
 2.800e+02  1.700e+01  1.230e-01
 2.800e+02  1.800e+01  1.370e-01
 2.800e+02  1.900e+01  1.510e-01
 2.800e+02  2.000e+01  1.660e-01
 2.800e+02  2.500e+01  2.560e-01
 2.800e+02  3.000e+01  3.660e-01
 2.800e+02  3.500e+01  4.980e-01
 2.800e+02  4.000e+01  6.490e-01
 2.800e+02  4.500e+01  8.210e-01
 2.800e+02  5.000e+01  1.010e+00
 2.800e+02  5.500e+01  1.230e+00
 2.800e+02  6.000e+01  1.460e+00
