# mhp       tanbeta      NLO_xsec
 8.800e+02  1.000e-01  3.840e+00
 8.800e+02  2.000e-01  9.590e-01
 8.800e+02  3.000e-01  4.260e-01
 8.800e+02  4.000e-01  2.400e-01
 8.800e+02  5.000e-01  1.530e-01
 8.800e+02  6.000e-01  1.070e-01
 8.800e+02  7.000e-01  7.830e-02
 8.800e+02  8.000e-01  6.000e-02
 8.800e+02  9.000e-01  4.740e-02
 8.800e+02  1.000e+00  3.840e-02
 8.800e+02  2.000e+00  9.630e-03
 8.800e+02  3.000e+00  4.340e-03
 8.800e+02  4.000e+00  2.530e-03
 8.800e+02  5.000e+00  1.750e-03
 8.800e+02  6.000e+00  1.370e-03
 8.800e+02  7.000e+00  1.200e-03
 8.800e+02  8.000e+00  1.140e-03
 8.800e+02  9.000e+00  1.160e-03
 8.800e+02  1.000e+01  1.230e-03
 8.800e+02  1.100e+01  1.340e-03
 8.800e+02  1.200e+01  1.480e-03
 8.800e+02  1.300e+01  1.650e-03
 8.800e+02  1.400e+01  1.850e-03
 8.800e+02  1.500e+01  2.070e-03
 8.800e+02  1.600e+01  2.310e-03
 8.800e+02  1.700e+01  2.570e-03
 8.800e+02  1.800e+01  2.850e-03
 8.800e+02  1.900e+01  3.150e-03
 8.800e+02  2.000e+01  3.460e-03
 8.800e+02  2.500e+01  5.330e-03
 8.800e+02  3.000e+01  7.620e-03
 8.800e+02  3.500e+01  1.030e-02
 8.800e+02  4.000e+01  1.350e-02
 8.800e+02  4.500e+01  1.710e-02
 8.800e+02  5.000e+01  2.110e-02
 8.800e+02  5.500e+01  2.550e-02
 8.800e+02  6.000e+01  3.030e-02
