# mhp       tanbeta      NLO_xsec
 1.000e+03  1.000e-01  2.110e+00
 1.000e+03  2.000e-01  5.270e-01
 1.000e+03  3.000e-01  2.340e-01
 1.000e+03  4.000e-01  1.320e-01
 1.000e+03  5.000e-01  8.430e-02
 1.000e+03  6.000e-01  5.850e-02
 1.000e+03  7.000e-01  4.300e-02
 1.000e+03  8.000e-01  3.290e-02
 1.000e+03  9.000e-01  2.600e-02
 1.000e+03  1.000e+00  2.110e-02
 1.000e+03  2.000e+00  5.290e-03
 1.000e+03  3.000e+00  2.380e-03
 1.000e+03  4.000e+00  1.390e-03
 1.000e+03  5.000e+00  9.560e-04
 1.000e+03  6.000e+00  7.480e-04
 1.000e+03  7.000e+00  6.510e-04
 1.000e+03  8.000e+00  6.180e-04
 1.000e+03  9.000e+00  6.260e-04
 1.000e+03  1.000e+01  6.620e-04
 1.000e+03  1.100e+01  7.200e-04
 1.000e+03  1.200e+01  7.960e-04
 1.000e+03  1.300e+01  8.880e-04
 1.000e+03  1.400e+01  9.920e-04
 1.000e+03  1.500e+01  1.110e-03
 1.000e+03  1.600e+01  1.240e-03
 1.000e+03  1.700e+01  1.380e-03
 1.000e+03  1.800e+01  1.530e-03
 1.000e+03  1.900e+01  1.690e-03
 1.000e+03  2.000e+01  1.860e-03
 1.000e+03  2.500e+01  2.850e-03
 1.000e+03  3.000e+01  4.090e-03
 1.000e+03  3.500e+01  5.550e-03
 1.000e+03  4.000e+01  7.240e-03
 1.000e+03  4.500e+01  9.150e-03
 1.000e+03  5.000e+01  1.130e-02
 1.000e+03  5.500e+01  1.370e-02
 1.000e+03  6.000e+01  1.630e-02
