# mhp       tanbeta      NLO_xsec
 4.200e+02  1.000e-01  6.170e+01
 4.200e+02  2.000e-01  1.540e+01
 4.200e+02  3.000e-01  6.850e+00
 4.200e+02  4.000e-01  3.850e+00
 4.200e+02  5.000e-01  2.470e+00
 4.200e+02  6.000e-01  1.710e+00
 4.200e+02  7.000e-01  1.260e+00
 4.200e+02  8.000e-01  9.630e-01
 4.200e+02  9.000e-01  7.610e-01
 4.200e+02  1.000e+00  6.170e-01
 4.200e+02  2.000e+00  1.550e-01
 4.200e+02  3.000e+00  6.970e-02
 4.200e+02  4.000e+00  4.070e-02
 4.200e+02  5.000e+00  2.810e-02
 4.200e+02  6.000e+00  2.210e-02
 4.200e+02  7.000e+00  1.930e-02
 4.200e+02  8.000e+00  1.840e-02
 4.200e+02  9.000e+00  1.870e-02
 4.200e+02  1.000e+01  1.990e-02
 4.200e+02  1.100e+01  2.170e-02
 4.200e+02  1.200e+01  2.400e-02
 4.200e+02  1.300e+01  2.680e-02
 4.200e+02  1.400e+01  3.000e-02
 4.200e+02  1.500e+01  3.350e-02
 4.200e+02  1.600e+01  3.750e-02
 4.200e+02  1.700e+01  4.170e-02
 4.200e+02  1.800e+01  4.630e-02
 4.200e+02  1.900e+01  5.110e-02
 4.200e+02  2.000e+01  5.630e-02
 4.200e+02  2.500e+01  8.650e-02
 4.200e+02  3.000e+01  1.240e-01
 4.200e+02  3.500e+01  1.680e-01
 4.200e+02  4.000e+01  2.190e-01
 4.200e+02  4.500e+01  2.780e-01
 4.200e+02  5.000e+01  3.420e-01
 4.200e+02  5.500e+01  4.140e-01
 4.200e+02  6.000e+01  4.930e-01
