# mhp       tanbeta      NLO_xsec
 8.200e+02  1.000e-01  5.210e+00
 8.200e+02  2.000e-01  1.300e+00
 8.200e+02  3.000e-01  5.790e-01
 8.200e+02  4.000e-01  3.260e-01
 8.200e+02  5.000e-01  2.080e-01
 8.200e+02  6.000e-01  1.450e-01
 8.200e+02  7.000e-01  1.060e-01
 8.200e+02  8.000e-01  8.140e-02
 8.200e+02  9.000e-01  6.430e-02
 8.200e+02  1.000e+00  5.210e-02
 8.200e+02  2.000e+00  1.310e-02
 8.200e+02  3.000e+00  5.890e-03
 8.200e+02  4.000e+00  3.440e-03
 8.200e+02  5.000e+00  2.370e-03
 8.200e+02  6.000e+00  1.860e-03
 8.200e+02  7.000e+00  1.620e-03
 8.200e+02  8.000e+00  1.550e-03
 8.200e+02  9.000e+00  1.570e-03
 8.200e+02  1.000e+01  1.670e-03
 8.200e+02  1.100e+01  1.820e-03
 8.200e+02  1.200e+01  2.010e-03
 8.200e+02  1.300e+01  2.250e-03
 8.200e+02  1.400e+01  2.510e-03
 8.200e+02  1.500e+01  2.810e-03
 8.200e+02  1.600e+01  3.140e-03
 8.200e+02  1.700e+01  3.490e-03
 8.200e+02  1.800e+01  3.880e-03
 8.200e+02  1.900e+01  4.280e-03
 8.200e+02  2.000e+01  4.720e-03
 8.200e+02  2.500e+01  7.250e-03
 8.200e+02  3.000e+01  1.040e-02
 8.200e+02  3.500e+01  1.410e-02
 8.200e+02  4.000e+01  1.840e-02
 8.200e+02  4.500e+01  2.320e-02
 8.200e+02  5.000e+01  2.870e-02
 8.200e+02  5.500e+01  3.470e-02
 8.200e+02  6.000e+01  4.130e-02
