# mhp       tanbeta      NLO_xsec
 4.200e+02  1.000e-01  5.810e+01
 4.200e+02  2.000e-01  1.450e+01
 4.200e+02  3.000e-01  6.460e+00
 4.200e+02  4.000e-01  3.630e+00
 4.200e+02  5.000e-01  2.320e+00
 4.200e+02  6.000e-01  1.610e+00
 4.200e+02  7.000e-01  1.190e+00
 4.200e+02  8.000e-01  9.080e-01
 4.200e+02  9.000e-01  7.180e-01
 4.200e+02  1.000e+00  5.810e-01
 4.200e+02  2.000e+00  1.460e-01
 4.200e+02  3.000e+00  6.580e-02
 4.200e+02  4.000e+00  3.840e-02
 4.200e+02  5.000e+00  2.650e-02
 4.200e+02  6.000e+00  2.090e-02
 4.200e+02  7.000e+00  1.830e-02
 4.200e+02  8.000e+00  1.750e-02
 4.200e+02  9.000e+00  1.780e-02
 4.200e+02  1.000e+01  1.900e-02
 4.200e+02  1.100e+01  2.070e-02
 4.200e+02  1.200e+01  2.300e-02
 4.200e+02  1.300e+01  2.570e-02
 4.200e+02  1.400e+01  2.880e-02
 4.200e+02  1.500e+01  3.220e-02
 4.200e+02  1.600e+01  3.600e-02
 4.200e+02  1.700e+01  4.010e-02
 4.200e+02  1.800e+01  4.450e-02
 4.200e+02  1.900e+01  4.920e-02
 4.200e+02  2.000e+01  5.410e-02
 4.200e+02  2.500e+01  8.330e-02
 4.200e+02  3.000e+01  1.190e-01
 4.200e+02  3.500e+01  1.620e-01
 4.200e+02  4.000e+01  2.110e-01
 4.200e+02  4.500e+01  2.670e-01
 4.200e+02  5.000e+01  3.300e-01
 4.200e+02  5.500e+01  3.990e-01
 4.200e+02  6.000e+01  4.740e-01
