# mhp       tanbeta      NLO_xsec
 9.000e+02  1.000e-01  3.470e+00
 9.000e+02  2.000e-01  8.670e-01
 9.000e+02  3.000e-01  3.850e-01
 9.000e+02  4.000e-01  2.170e-01
 9.000e+02  5.000e-01  1.390e-01
 9.000e+02  6.000e-01  9.630e-02
 9.000e+02  7.000e-01  7.080e-02
 9.000e+02  8.000e-01  5.420e-02
 9.000e+02  9.000e-01  4.280e-02
 9.000e+02  1.000e+00  3.470e-02
 9.000e+02  2.000e+00  8.700e-03
 9.000e+02  3.000e+00  3.920e-03
 9.000e+02  4.000e+00  2.290e-03
 9.000e+02  5.000e+00  1.570e-03
 9.000e+02  6.000e+00  1.230e-03
 9.000e+02  7.000e+00  1.070e-03
 9.000e+02  8.000e+00  1.020e-03
 9.000e+02  9.000e+00  1.030e-03
 9.000e+02  1.000e+01  1.090e-03
 9.000e+02  1.100e+01  1.190e-03
 9.000e+02  1.200e+01  1.310e-03
 9.000e+02  1.300e+01  1.470e-03
 9.000e+02  1.400e+01  1.640e-03
 9.000e+02  1.500e+01  1.830e-03
 9.000e+02  1.600e+01  2.040e-03
 9.000e+02  1.700e+01  2.280e-03
 9.000e+02  1.800e+01  2.520e-03
 9.000e+02  1.900e+01  2.790e-03
 9.000e+02  2.000e+01  3.070e-03
 9.000e+02  2.500e+01  4.720e-03
 9.000e+02  3.000e+01  6.750e-03
 9.000e+02  3.500e+01  9.160e-03
 9.000e+02  4.000e+01  1.200e-02
 9.000e+02  4.500e+01  1.510e-02
 9.000e+02  5.000e+01  1.870e-02
 9.000e+02  5.500e+01  2.260e-02
 9.000e+02  6.000e+01  2.690e-02
