# mhp       tanbeta      NLO_xsec
 4.800e+02  1.000e-01  4.050e+01
 4.800e+02  2.000e-01  1.010e+01
 4.800e+02  3.000e-01  4.500e+00
 4.800e+02  4.000e-01  2.530e+00
 4.800e+02  5.000e-01  1.620e+00
 4.800e+02  6.000e-01  1.120e+00
 4.800e+02  7.000e-01  8.260e-01
 4.800e+02  8.000e-01  6.330e-01
 4.800e+02  9.000e-01  5.000e-01
 4.800e+02  1.000e+00  4.050e-01
 4.800e+02  2.000e+00  1.020e-01
 4.800e+02  3.000e+00  4.580e-02
 4.800e+02  4.000e+00  2.670e-02
 4.800e+02  5.000e+00  1.840e-02
 4.800e+02  6.000e+00  1.450e-02
 4.800e+02  7.000e+00  1.260e-02
 4.800e+02  8.000e+00  1.200e-02
 4.800e+02  9.000e+00  1.220e-02
 4.800e+02  1.000e+01  1.300e-02
 4.800e+02  1.100e+01  1.420e-02
 4.800e+02  1.200e+01  1.570e-02
 4.800e+02  1.300e+01  1.750e-02
 4.800e+02  1.400e+01  1.960e-02
 4.800e+02  1.500e+01  2.190e-02
 4.800e+02  1.600e+01  2.450e-02
 4.800e+02  1.700e+01  2.720e-02
 4.800e+02  1.800e+01  3.020e-02
 4.800e+02  1.900e+01  3.340e-02
 4.800e+02  2.000e+01  3.680e-02
 4.800e+02  2.500e+01  5.650e-02
 4.800e+02  3.000e+01  8.090e-02
 4.800e+02  3.500e+01  1.100e-01
 4.800e+02  4.000e+01  1.430e-01
 4.800e+02  4.500e+01  1.810e-01
 4.800e+02  5.000e+01  2.240e-01
 4.800e+02  5.500e+01  2.710e-01
 4.800e+02  6.000e+01  3.220e-01
