# mhp       tanbeta      NLO_xsec
 6.800e+02  1.000e-01  1.110e+01
 6.800e+02  2.000e-01  2.790e+00
 6.800e+02  3.000e-01  1.240e+00
 6.800e+02  4.000e-01  6.970e-01
 6.800e+02  5.000e-01  4.460e-01
 6.800e+02  6.000e-01  3.100e-01
 6.800e+02  7.000e-01  2.280e-01
 6.800e+02  8.000e-01  1.740e-01
 6.800e+02  9.000e-01  1.380e-01
 6.800e+02  1.000e+00  1.120e-01
 6.800e+02  2.000e+00  2.800e-02
 6.800e+02  3.000e+00  1.260e-02
 6.800e+02  4.000e+00  7.360e-03
 6.800e+02  5.000e+00  5.080e-03
 6.800e+02  6.000e+00  3.990e-03
 6.800e+02  7.000e+00  3.490e-03
 6.800e+02  8.000e+00  3.330e-03
 6.800e+02  9.000e+00  3.380e-03
 6.800e+02  1.000e+01  3.590e-03
 6.800e+02  1.100e+01  3.920e-03
 6.800e+02  1.200e+01  4.340e-03
 6.800e+02  1.300e+01  4.840e-03
 6.800e+02  1.400e+01  5.420e-03
 6.800e+02  1.500e+01  6.060e-03
 6.800e+02  1.600e+01  6.770e-03
 6.800e+02  1.700e+01  7.540e-03
 6.800e+02  1.800e+01  8.360e-03
 6.800e+02  1.900e+01  9.240e-03
 6.800e+02  2.000e+01  1.020e-02
 6.800e+02  2.500e+01  1.560e-02
 6.800e+02  3.000e+01  2.240e-02
 6.800e+02  3.500e+01  3.040e-02
 6.800e+02  4.000e+01  3.970e-02
 6.800e+02  4.500e+01  5.020e-02
 6.800e+02  5.000e+01  6.190e-02
 6.800e+02  5.500e+01  7.490e-02
 6.800e+02  6.000e+01  8.910e-02
