# mhp       tanbeta      NLO_xsec
 8.400e+02  1.000e-01  4.740e+00
 8.400e+02  2.000e-01  1.180e+00
 8.400e+02  3.000e-01  5.260e-01
 8.400e+02  4.000e-01  2.960e-01
 8.400e+02  5.000e-01  1.890e-01
 8.400e+02  6.000e-01  1.320e-01
 8.400e+02  7.000e-01  9.670e-02
 8.400e+02  8.000e-01  7.400e-02
 8.400e+02  9.000e-01  5.850e-02
 8.400e+02  1.000e+00  4.740e-02
 8.400e+02  2.000e+00  1.190e-02
 8.400e+02  3.000e+00  5.350e-03
 8.400e+02  4.000e+00  3.120e-03
 8.400e+02  5.000e+00  2.150e-03
 8.400e+02  6.000e+00  1.680e-03
 8.400e+02  7.000e+00  1.470e-03
 8.400e+02  8.000e+00  1.390e-03
 8.400e+02  9.000e+00  1.410e-03
 8.400e+02  1.000e+01  1.500e-03
 8.400e+02  1.100e+01  1.630e-03
 8.400e+02  1.200e+01  1.800e-03
 8.400e+02  1.300e+01  2.010e-03
 8.400e+02  1.400e+01  2.240e-03
 8.400e+02  1.500e+01  2.510e-03
 8.400e+02  1.600e+01  2.800e-03
 8.400e+02  1.700e+01  3.120e-03
 8.400e+02  1.800e+01  3.460e-03
 8.400e+02  1.900e+01  3.820e-03
 8.400e+02  2.000e+01  4.200e-03
 8.400e+02  2.500e+01  6.460e-03
 8.400e+02  3.000e+01  9.250e-03
 8.400e+02  3.500e+01  1.260e-02
 8.400e+02  4.000e+01  1.640e-02
 8.400e+02  4.500e+01  2.070e-02
 8.400e+02  5.000e+01  2.560e-02
 8.400e+02  5.500e+01  3.090e-02
 8.400e+02  6.000e+01  3.680e-02
