# mhp       tanbeta      NLO_xsec
 5.400e+02  1.000e-01  2.590e+01
 5.400e+02  2.000e-01  6.480e+00
 5.400e+02  3.000e-01  2.880e+00
 5.400e+02  4.000e-01  1.620e+00
 5.400e+02  5.000e-01  1.040e+00
 5.400e+02  6.000e-01  7.200e-01
 5.400e+02  7.000e-01  5.290e-01
 5.400e+02  8.000e-01  4.050e-01
 5.400e+02  9.000e-01  3.200e-01
 5.400e+02  1.000e+00  2.590e-01
 5.400e+02  2.000e+00  6.500e-02
 5.400e+02  3.000e+00  2.930e-02
 5.400e+02  4.000e+00  1.710e-02
 5.400e+02  5.000e+00  1.180e-02
 5.400e+02  6.000e+00  9.290e-03
 5.400e+02  7.000e+00  8.130e-03
 5.400e+02  8.000e+00  7.770e-03
 5.400e+02  9.000e+00  7.900e-03
 5.400e+02  1.000e+01  8.400e-03
 5.400e+02  1.100e+01  9.170e-03
 5.400e+02  1.200e+01  1.020e-02
 5.400e+02  1.300e+01  1.140e-02
 5.400e+02  1.400e+01  1.270e-02
 5.400e+02  1.500e+01  1.420e-02
 5.400e+02  1.600e+01  1.590e-02
 5.400e+02  1.700e+01  1.770e-02
 5.400e+02  1.800e+01  1.960e-02
 5.400e+02  1.900e+01  2.170e-02
 5.400e+02  2.000e+01  2.390e-02
 5.400e+02  2.500e+01  3.670e-02
 5.400e+02  3.000e+01  5.260e-02
 5.400e+02  3.500e+01  7.140e-02
 5.400e+02  4.000e+01  9.310e-02
 5.400e+02  4.500e+01  1.180e-01
 5.400e+02  5.000e+01  1.450e-01
 5.400e+02  5.500e+01  1.760e-01
 5.400e+02  6.000e+01  2.090e-01
