# mhp       tanbeta      NLO_xsec
 9.800e+02  1.000e-01  2.320e+00
 9.800e+02  2.000e-01  5.810e-01
 9.800e+02  3.000e-01  2.580e-01
 9.800e+02  4.000e-01  1.450e-01
 9.800e+02  5.000e-01  9.290e-02
 9.800e+02  6.000e-01  6.450e-02
 9.800e+02  7.000e-01  4.740e-02
 9.800e+02  8.000e-01  3.630e-02
 9.800e+02  9.000e-01  2.870e-02
 9.800e+02  1.000e+00  2.320e-02
 9.800e+02  2.000e+00  5.830e-03
 9.800e+02  3.000e+00  2.630e-03
 9.800e+02  4.000e+00  1.530e-03
 9.800e+02  5.000e+00  1.050e-03
 9.800e+02  6.000e+00  8.250e-04
 9.800e+02  7.000e+00  7.180e-04
 9.800e+02  8.000e+00  6.820e-04
 9.800e+02  9.000e+00  6.900e-04
 9.800e+02  1.000e+01  7.300e-04
 9.800e+02  1.100e+01  7.950e-04
 9.800e+02  1.200e+01  8.790e-04
 9.800e+02  1.300e+01  9.790e-04
 9.800e+02  1.400e+01  1.090e-03
 9.800e+02  1.500e+01  1.220e-03
 9.800e+02  1.600e+01  1.370e-03
 9.800e+02  1.700e+01  1.520e-03
 9.800e+02  1.800e+01  1.690e-03
 9.800e+02  1.900e+01  1.860e-03
 9.800e+02  2.000e+01  2.050e-03
 9.800e+02  2.500e+01  3.150e-03
 9.800e+02  3.000e+01  4.510e-03
 9.800e+02  3.500e+01  6.120e-03
 9.800e+02  4.000e+01  7.980e-03
 9.800e+02  4.500e+01  1.010e-02
 9.800e+02  5.000e+01  1.250e-02
 9.800e+02  5.500e+01  1.510e-02
 9.800e+02  6.000e+01  1.790e-02
