# mhp       tanbeta      NLO_xsec
 5.600e+02  1.000e-01  2.280e+01
 5.600e+02  2.000e-01  5.710e+00
 5.600e+02  3.000e-01  2.540e+00
 5.600e+02  4.000e-01  1.430e+00
 5.600e+02  5.000e-01  9.130e-01
 5.600e+02  6.000e-01  6.340e-01
 5.600e+02  7.000e-01  4.660e-01
 5.600e+02  8.000e-01  3.570e-01
 5.600e+02  9.000e-01  2.820e-01
 5.600e+02  1.000e+00  2.280e-01
 5.600e+02  2.000e+00  5.730e-02
 5.600e+02  3.000e+00  2.580e-02
 5.600e+02  4.000e+00  1.510e-02
 5.600e+02  5.000e+00  1.040e-02
 5.600e+02  6.000e+00  8.180e-03
 5.600e+02  7.000e+00  7.160e-03
 5.600e+02  8.000e+00  6.840e-03
 5.600e+02  9.000e+00  6.960e-03
 5.600e+02  1.000e+01  7.390e-03
 5.600e+02  1.100e+01  8.070e-03
 5.600e+02  1.200e+01  8.950e-03
 5.600e+02  1.300e+01  9.990e-03
 5.600e+02  1.400e+01  1.120e-02
 5.600e+02  1.500e+01  1.250e-02
 5.600e+02  1.600e+01  1.400e-02
 5.600e+02  1.700e+01  1.560e-02
 5.600e+02  1.800e+01  1.730e-02
 5.600e+02  1.900e+01  1.910e-02
 5.600e+02  2.000e+01  2.100e-02
 5.600e+02  2.500e+01  3.230e-02
 5.600e+02  3.000e+01  4.630e-02
 5.600e+02  3.500e+01  6.280e-02
 5.600e+02  4.000e+01  8.190e-02
 5.600e+02  4.500e+01  1.040e-01
 5.600e+02  5.000e+01  1.280e-01
 5.600e+02  5.500e+01  1.550e-01
 5.600e+02  6.000e+01  1.840e-01
