# mhp       tanbeta      NLO_xsec
 5.000e+02  1.000e-01  3.440e+01
 5.000e+02  2.000e-01  8.600e+00
 5.000e+02  3.000e-01  3.820e+00
 5.000e+02  4.000e-01  2.150e+00
 5.000e+02  5.000e-01  1.380e+00
 5.000e+02  6.000e-01  9.550e-01
 5.000e+02  7.000e-01  7.020e-01
 5.000e+02  8.000e-01  5.370e-01
 5.000e+02  9.000e-01  4.250e-01
 5.000e+02  1.000e+00  3.440e-01
 5.000e+02  2.000e+00  8.630e-02
 5.000e+02  3.000e+00  3.890e-02
 5.000e+02  4.000e+00  2.270e-02
 5.000e+02  5.000e+00  1.570e-02
 5.000e+02  6.000e+00  1.230e-02
 5.000e+02  7.000e+00  1.080e-02
 5.000e+02  8.000e+00  1.030e-02
 5.000e+02  9.000e+00  1.050e-02
 5.000e+02  1.000e+01  1.120e-02
 5.000e+02  1.100e+01  1.220e-02
 5.000e+02  1.200e+01  1.350e-02
 5.000e+02  1.300e+01  1.510e-02
 5.000e+02  1.400e+01  1.690e-02
 5.000e+02  1.500e+01  1.890e-02
 5.000e+02  1.600e+01  2.110e-02
 5.000e+02  1.700e+01  2.350e-02
 5.000e+02  1.800e+01  2.610e-02
 5.000e+02  1.900e+01  2.890e-02
 5.000e+02  2.000e+01  3.180e-02
 5.000e+02  2.500e+01  4.890e-02
 5.000e+02  3.000e+01  7.000e-02
 5.000e+02  3.500e+01  9.500e-02
 5.000e+02  4.000e+01  1.240e-01
 5.000e+02  4.500e+01  1.570e-01
 5.000e+02  5.000e+01  1.940e-01
 5.000e+02  5.500e+01  2.340e-01
 5.000e+02  6.000e+01  2.790e-01
