# mhp       tanbeta      NLO_xsec
 6.200e+02  1.000e-01  1.580e+01
 6.200e+02  2.000e-01  3.960e+00
 6.200e+02  3.000e-01  1.760e+00
 6.200e+02  4.000e-01  9.890e-01
 6.200e+02  5.000e-01  6.330e-01
 6.200e+02  6.000e-01  4.390e-01
 6.200e+02  7.000e-01  3.230e-01
 6.200e+02  8.000e-01  2.470e-01
 6.200e+02  9.000e-01  1.950e-01
 6.200e+02  1.000e+00  1.580e-01
 6.200e+02  2.000e+00  3.970e-02
 6.200e+02  3.000e+00  1.790e-02
 6.200e+02  4.000e+00  1.050e-02
 6.200e+02  5.000e+00  7.210e-03
 6.200e+02  6.000e+00  5.660e-03
 6.200e+02  7.000e+00  4.960e-03
 6.200e+02  8.000e+00  4.730e-03
 6.200e+02  9.000e+00  4.810e-03
 6.200e+02  1.000e+01  5.110e-03
 6.200e+02  1.100e+01  5.570e-03
 6.200e+02  1.200e+01  6.180e-03
 6.200e+02  1.300e+01  6.890e-03
 6.200e+02  1.400e+01  7.720e-03
 6.200e+02  1.500e+01  8.640e-03
 6.200e+02  1.600e+01  9.640e-03
 6.200e+02  1.700e+01  1.070e-02
 6.200e+02  1.800e+01  1.190e-02
 6.200e+02  1.900e+01  1.320e-02
 6.200e+02  2.000e+01  1.450e-02
 6.200e+02  2.500e+01  2.230e-02
 6.200e+02  3.000e+01  3.190e-02
 6.200e+02  3.500e+01  4.330e-02
 6.200e+02  4.000e+01  5.650e-02
 6.200e+02  4.500e+01  7.150e-02
 6.200e+02  5.000e+01  8.820e-02
 6.200e+02  5.500e+01  1.070e-01
 6.200e+02  6.000e+01  1.270e-01
