# mhp       tanbeta      NLO_xsec
 3.400e+02  1.000e-01  1.090e+02
 3.400e+02  2.000e-01  2.710e+01
 3.400e+02  3.000e-01  1.210e+01
 3.400e+02  4.000e-01  6.790e+00
 3.400e+02  5.000e-01  4.340e+00
 3.400e+02  6.000e-01  3.020e+00
 3.400e+02  7.000e-01  2.220e+00
 3.400e+02  8.000e-01  1.700e+00
 3.400e+02  9.000e-01  1.340e+00
 3.400e+02  1.000e+00  1.090e+00
 3.400e+02  2.000e+00  2.720e-01
 3.400e+02  3.000e+00  1.230e-01
 3.400e+02  4.000e+00  7.180e-02
 3.400e+02  5.000e+00  4.960e-02
 3.400e+02  6.000e+00  3.910e-02
 3.400e+02  7.000e+00  3.430e-02
 3.400e+02  8.000e+00  3.290e-02
 3.400e+02  9.000e+00  3.350e-02
 3.400e+02  1.000e+01  3.570e-02
 3.400e+02  1.100e+01  3.900e-02
 3.400e+02  1.200e+01  4.330e-02
 3.400e+02  1.300e+01  4.840e-02
 3.400e+02  1.400e+01  5.420e-02
 3.400e+02  1.500e+01  6.070e-02
 3.400e+02  1.600e+01  6.780e-02
 3.400e+02  1.700e+01  7.550e-02
 3.400e+02  1.800e+01  8.380e-02
 3.400e+02  1.900e+01  9.270e-02
 3.400e+02  2.000e+01  1.020e-01
 3.400e+02  2.500e+01  1.570e-01
 3.400e+02  3.000e+01  2.250e-01
 3.400e+02  3.500e+01  3.050e-01
 3.400e+02  4.000e+01  3.980e-01
 3.400e+02  4.500e+01  5.030e-01
 3.400e+02  5.000e+01  6.210e-01
 3.400e+02  5.500e+01  7.520e-01
 3.400e+02  6.000e+01  8.940e-01
