# mhp       tanbeta      NLO_xsec
 9.400e+02  1.000e-01  2.840e+00
 9.400e+02  2.000e-01  7.100e-01
 9.400e+02  3.000e-01  3.150e-01
 9.400e+02  4.000e-01  1.770e-01
 9.400e+02  5.000e-01  1.140e-01
 9.400e+02  6.000e-01  7.880e-02
 9.400e+02  7.000e-01  5.790e-02
 9.400e+02  8.000e-01  4.440e-02
 9.400e+02  9.000e-01  3.500e-02
 9.400e+02  1.000e+00  2.840e-02
 9.400e+02  2.000e+00  7.120e-03
 9.400e+02  3.000e+00  3.210e-03
 9.400e+02  4.000e+00  1.870e-03
 9.400e+02  5.000e+00  1.290e-03
 9.400e+02  6.000e+00  1.010e-03
 9.400e+02  7.000e+00  8.840e-04
 9.400e+02  8.000e+00  8.410e-04
 9.400e+02  9.000e+00  8.540e-04
 9.400e+02  1.000e+01  9.050e-04
 9.400e+02  1.100e+01  9.870e-04
 9.400e+02  1.200e+01  1.090e-03
 9.400e+02  1.300e+01  1.220e-03
 9.400e+02  1.400e+01  1.360e-03
 9.400e+02  1.500e+01  1.520e-03
 9.400e+02  1.600e+01  1.700e-03
 9.400e+02  1.700e+01  1.890e-03
 9.400e+02  1.800e+01  2.100e-03
 9.400e+02  1.900e+01  2.320e-03
 9.400e+02  2.000e+01  2.560e-03
 9.400e+02  2.500e+01  3.930e-03
 9.400e+02  3.000e+01  5.630e-03
 9.400e+02  3.500e+01  7.640e-03
 9.400e+02  4.000e+01  9.960e-03
 9.400e+02  4.500e+01  1.260e-02
 9.400e+02  5.000e+01  1.560e-02
 9.400e+02  5.500e+01  1.880e-02
 9.400e+02  6.000e+01  2.240e-02
