# mhp       tanbeta      NLO_xsec
 5.800e+02  1.000e-01  2.020e+01
 5.800e+02  2.000e-01  5.040e+00
 5.800e+02  3.000e-01  2.240e+00
 5.800e+02  4.000e-01  1.260e+00
 5.800e+02  5.000e-01  8.070e-01
 5.800e+02  6.000e-01  5.600e-01
 5.800e+02  7.000e-01  4.120e-01
 5.800e+02  8.000e-01  3.150e-01
 5.800e+02  9.000e-01  2.490e-01
 5.800e+02  1.000e+00  2.020e-01
 5.800e+02  2.000e+00  5.060e-02
 5.800e+02  3.000e+00  2.280e-02
 5.800e+02  4.000e+00  1.330e-02
 5.800e+02  5.000e+00  9.190e-03
 5.800e+02  6.000e+00  7.220e-03
 5.800e+02  7.000e+00  6.320e-03
 5.800e+02  8.000e+00  6.040e-03
 5.800e+02  9.000e+00  6.140e-03
 5.800e+02  1.000e+01  6.520e-03
 5.800e+02  1.100e+01  7.120e-03
 5.800e+02  1.200e+01  7.890e-03
 5.800e+02  1.300e+01  8.810e-03
 5.800e+02  1.400e+01  9.860e-03
 5.800e+02  1.500e+01  1.100e-02
 5.800e+02  1.600e+01  1.230e-02
 5.800e+02  1.700e+01  1.370e-02
 5.800e+02  1.800e+01  1.520e-02
 5.800e+02  1.900e+01  1.680e-02
 5.800e+02  2.000e+01  1.850e-02
 5.800e+02  2.500e+01  2.850e-02
 5.800e+02  3.000e+01  4.080e-02
 5.800e+02  3.500e+01  5.540e-02
 5.800e+02  4.000e+01  7.220e-02
 5.800e+02  4.500e+01  9.140e-02
 5.800e+02  5.000e+01  1.130e-01
 5.800e+02  5.500e+01  1.360e-01
 5.800e+02  6.000e+01  1.620e-01
