# mhp       tanbeta      NLO_xsec
 7.200e+02  1.000e-01  9.130e+00
 7.200e+02  2.000e-01  2.280e+00
 7.200e+02  3.000e-01  1.010e+00
 7.200e+02  4.000e-01  5.710e-01
 7.200e+02  5.000e-01  3.650e-01
 7.200e+02  6.000e-01  2.540e-01
 7.200e+02  7.000e-01  1.860e-01
 7.200e+02  8.000e-01  1.430e-01
 7.200e+02  9.000e-01  1.130e-01
 7.200e+02  1.000e+00  9.140e-02
 7.200e+02  2.000e+00  2.290e-02
 7.200e+02  3.000e+00  1.030e-02
 7.200e+02  4.000e+00  6.030e-03
 7.200e+02  5.000e+00  4.150e-03
 7.200e+02  6.000e+00  3.250e-03
 7.200e+02  7.000e+00  2.840e-03
 7.200e+02  8.000e+00  2.700e-03
 7.200e+02  9.000e+00  2.730e-03
 7.200e+02  1.000e+01  2.900e-03
 7.200e+02  1.100e+01  3.150e-03
 7.200e+02  1.200e+01  3.490e-03
 7.200e+02  1.300e+01  3.890e-03
 7.200e+02  1.400e+01  4.350e-03
 7.200e+02  1.500e+01  4.870e-03
 7.200e+02  1.600e+01  5.430e-03
 7.200e+02  1.700e+01  6.040e-03
 7.200e+02  1.800e+01  6.700e-03
 7.200e+02  1.900e+01  7.410e-03
 7.200e+02  2.000e+01  8.160e-03
 7.200e+02  2.500e+01  1.250e-02
 7.200e+02  3.000e+01  1.790e-02
 7.200e+02  3.500e+01  2.440e-02
 7.200e+02  4.000e+01  3.180e-02
 7.200e+02  4.500e+01  4.020e-02
 7.200e+02  5.000e+01  4.960e-02
 7.200e+02  5.500e+01  6.000e-02
 7.200e+02  6.000e+01  7.140e-02
