# mhp       tanbeta      NLO_xsec
 3.000e+02  1.000e-01  1.540e+02
 3.000e+02  2.000e-01  3.850e+01
 3.000e+02  3.000e-01  1.710e+01
 3.000e+02  4.000e-01  9.630e+00
 3.000e+02  5.000e-01  6.170e+00
 3.000e+02  6.000e-01  4.280e+00
 3.000e+02  7.000e-01  3.150e+00
 3.000e+02  8.000e-01  2.410e+00
 3.000e+02  9.000e-01  1.900e+00
 3.000e+02  1.000e+00  1.540e+00
 3.000e+02  2.000e+00  3.870e-01
 3.000e+02  3.000e+00  1.740e-01
 3.000e+02  4.000e+00  1.020e-01
 3.000e+02  5.000e+00  7.030e-02
 3.000e+02  6.000e+00  5.530e-02
 3.000e+02  7.000e+00  4.850e-02
 3.000e+02  8.000e+00  4.630e-02
 3.000e+02  9.000e+00  4.720e-02
 3.000e+02  1.000e+01  5.010e-02
 3.000e+02  1.100e+01  5.470e-02
 3.000e+02  1.200e+01  6.070e-02
 3.000e+02  1.300e+01  6.780e-02
 3.000e+02  1.400e+01  7.590e-02
 3.000e+02  1.500e+01  8.500e-02
 3.000e+02  1.600e+01  9.490e-02
 3.000e+02  1.700e+01  1.060e-01
 3.000e+02  1.800e+01  1.170e-01
 3.000e+02  1.900e+01  1.300e-01
 3.000e+02  2.000e+01  1.430e-01
 3.000e+02  2.500e+01  2.190e-01
 3.000e+02  3.000e+01  3.140e-01
 3.000e+02  3.500e+01  4.270e-01
 3.000e+02  4.000e+01  5.560e-01
 3.000e+02  4.500e+01  7.040e-01
 3.000e+02  5.000e+01  8.690e-01
 3.000e+02  5.500e+01  1.050e+00
 3.000e+02  6.000e+01  1.250e+00
