# mhp       tanbeta      NLO_xsec
 2.400e+02  1.000e-01  2.550e+02
 2.400e+02  2.000e-01  6.380e+01
 2.400e+02  3.000e-01  2.840e+01
 2.400e+02  4.000e-01  1.600e+01
 2.400e+02  5.000e-01  1.020e+01
 2.400e+02  6.000e-01  7.090e+00
 2.400e+02  7.000e-01  5.210e+00
 2.400e+02  8.000e-01  3.990e+00
 2.400e+02  9.000e-01  3.150e+00
 2.400e+02  1.000e+00  2.550e+00
 2.400e+02  2.000e+00  6.400e-01
 2.400e+02  3.000e+00  2.890e-01
 2.400e+02  4.000e+00  1.690e-01
 2.400e+02  5.000e+00  1.170e-01
 2.400e+02  6.000e+00  9.180e-02
 2.400e+02  7.000e+00  8.050e-02
 2.400e+02  8.000e+00  7.700e-02
 2.400e+02  9.000e+00  7.850e-02
 2.400e+02  1.000e+01  8.350e-02
 2.400e+02  1.100e+01  9.130e-02
 2.400e+02  1.200e+01  1.010e-01
 2.400e+02  1.300e+01  1.130e-01
 2.400e+02  1.400e+01  1.270e-01
 2.400e+02  1.500e+01  1.420e-01
 2.400e+02  1.600e+01  1.580e-01
 2.400e+02  1.700e+01  1.760e-01
 2.400e+02  1.800e+01  1.960e-01
 2.400e+02  1.900e+01  2.160e-01
 2.400e+02  2.000e+01  2.380e-01
 2.400e+02  2.500e+01  3.670e-01
 2.400e+02  3.000e+01  5.250e-01
 2.400e+02  3.500e+01  7.130e-01
 2.400e+02  4.000e+01  9.300e-01
 2.400e+02  4.500e+01  1.180e+00
 2.400e+02  5.000e+01  1.450e+00
 2.400e+02  5.500e+01  1.760e+00
 2.400e+02  6.000e+01  2.090e+00
