# mhp       tanbeta      NLO_xsec
 4.000e+02  1.000e-01  6.710e+01
 4.000e+02  2.000e-01  1.680e+01
 4.000e+02  3.000e-01  7.460e+00
 4.000e+02  4.000e-01  4.190e+00
 4.000e+02  5.000e-01  2.680e+00
 4.000e+02  6.000e-01  1.860e+00
 4.000e+02  7.000e-01  1.370e+00
 4.000e+02  8.000e-01  1.050e+00
 4.000e+02  9.000e-01  8.290e-01
 4.000e+02  1.000e+00  6.710e-01
 4.000e+02  2.000e+00  1.680e-01
 4.000e+02  3.000e+00  7.590e-02
 4.000e+02  4.000e+00  4.440e-02
 4.000e+02  5.000e+00  3.070e-02
 4.000e+02  6.000e+00  2.410e-02
 4.000e+02  7.000e+00  2.120e-02
 4.000e+02  8.000e+00  2.020e-02
 4.000e+02  9.000e+00  2.060e-02
 4.000e+02  1.000e+01  2.200e-02
 4.000e+02  1.100e+01  2.400e-02
 4.000e+02  1.200e+01  2.660e-02
 4.000e+02  1.300e+01  2.970e-02
 4.000e+02  1.400e+01  3.330e-02
 4.000e+02  1.500e+01  3.730e-02
 4.000e+02  1.600e+01  4.160e-02
 4.000e+02  1.700e+01  4.640e-02
 4.000e+02  1.800e+01  5.150e-02
 4.000e+02  1.900e+01  5.690e-02
 4.000e+02  2.000e+01  6.270e-02
 4.000e+02  2.500e+01  9.630e-02
 4.000e+02  3.000e+01  1.380e-01
 4.000e+02  3.500e+01  1.870e-01
 4.000e+02  4.000e+01  2.440e-01
 4.000e+02  4.500e+01  3.090e-01
 4.000e+02  5.000e+01  3.810e-01
 4.000e+02  5.500e+01  4.610e-01
 4.000e+02  6.000e+01  5.490e-01
