# mhp       tanbeta      NLO_xsec
 4.000e+02  1.000e-01  7.130e+01
 4.000e+02  2.000e-01  1.780e+01
 4.000e+02  3.000e-01  7.920e+00
 4.000e+02  4.000e-01  4.460e+00
 4.000e+02  5.000e-01  2.850e+00
 4.000e+02  6.000e-01  1.980e+00
 4.000e+02  7.000e-01  1.460e+00
 4.000e+02  8.000e-01  1.110e+00
 4.000e+02  9.000e-01  8.800e-01
 4.000e+02  1.000e+00  7.130e-01
 4.000e+02  2.000e+00  1.790e-01
 4.000e+02  3.000e+00  8.070e-02
 4.000e+02  4.000e+00  4.710e-02
 4.000e+02  5.000e+00  3.250e-02
 4.000e+02  6.000e+00  2.550e-02
 4.000e+02  7.000e+00  2.230e-02
 4.000e+02  8.000e+00  2.130e-02
 4.000e+02  9.000e+00  2.170e-02
 4.000e+02  1.000e+01  2.300e-02
 4.000e+02  1.100e+01  2.510e-02
 4.000e+02  1.200e+01  2.780e-02
 4.000e+02  1.300e+01  3.100e-02
 4.000e+02  1.400e+01  3.470e-02
 4.000e+02  1.500e+01  3.890e-02
 4.000e+02  1.600e+01  4.340e-02
 4.000e+02  1.700e+01  4.830e-02
 4.000e+02  1.800e+01  5.360e-02
 4.000e+02  1.900e+01  5.920e-02
 4.000e+02  2.000e+01  6.520e-02
 4.000e+02  2.500e+01  1.000e-01
 4.000e+02  3.000e+01  1.440e-01
 4.000e+02  3.500e+01  1.950e-01
 4.000e+02  4.000e+01  2.540e-01
 4.000e+02  4.500e+01  3.220e-01
 4.000e+02  5.000e+01  3.970e-01
 4.000e+02  5.500e+01  4.800e-01
 4.000e+02  6.000e+01  5.710e-01
