# mhp       tanbeta      NLO_xsec
 9.600e+02  1.000e-01  2.560e+00
 9.600e+02  2.000e-01  6.410e-01
 9.600e+02  3.000e-01  2.850e-01
 9.600e+02  4.000e-01  1.600e-01
 9.600e+02  5.000e-01  1.030e-01
 9.600e+02  6.000e-01  7.120e-02
 9.600e+02  7.000e-01  5.230e-02
 9.600e+02  8.000e-01  4.010e-02
 9.600e+02  9.000e-01  3.170e-02
 9.600e+02  1.000e+00  2.560e-02
 9.600e+02  2.000e+00  6.430e-03
 9.600e+02  3.000e+00  2.900e-03
 9.600e+02  4.000e+00  1.690e-03
 9.600e+02  5.000e+00  1.160e-03
 9.600e+02  6.000e+00  9.100e-04
 9.600e+02  7.000e+00  7.930e-04
 9.600e+02  8.000e+00  7.530e-04
 9.600e+02  9.000e+00  7.620e-04
 9.600e+02  1.000e+01  8.070e-04
 9.600e+02  1.100e+01  8.780e-04
 9.600e+02  1.200e+01  9.700e-04
 9.600e+02  1.300e+01  1.080e-03
 9.600e+02  1.400e+01  1.210e-03
 9.600e+02  1.500e+01  1.350e-03
 9.600e+02  1.600e+01  1.510e-03
 9.600e+02  1.700e+01  1.680e-03
 9.600e+02  1.800e+01  1.860e-03
 9.600e+02  1.900e+01  2.060e-03
 9.600e+02  2.000e+01  2.260e-03
 9.600e+02  2.500e+01  3.480e-03
 9.600e+02  3.000e+01  4.980e-03
 9.600e+02  3.500e+01  6.760e-03
 9.600e+02  4.000e+01  8.820e-03
 9.600e+02  4.500e+01  1.120e-02
 9.600e+02  5.000e+01  1.380e-02
 9.600e+02  5.500e+01  1.660e-02
 9.600e+02  6.000e+01  1.980e-02
