# mhp       tanbeta      NLO_xsec
 4.000e+02  1.000e-01  6.910e+01
 4.000e+02  2.000e-01  1.730e+01
 4.000e+02  3.000e-01  7.670e+00
 4.000e+02  4.000e-01  4.320e+00
 4.000e+02  5.000e-01  2.760e+00
 4.000e+02  6.000e-01  1.920e+00
 4.000e+02  7.000e-01  1.410e+00
 4.000e+02  8.000e-01  1.080e+00
 4.000e+02  9.000e-01  8.530e-01
 4.000e+02  1.000e+00  6.910e-01
 4.000e+02  2.000e+00  1.730e-01
 4.000e+02  3.000e+00  7.810e-02
 4.000e+02  4.000e+00  4.570e-02
 4.000e+02  5.000e+00  3.150e-02
 4.000e+02  6.000e+00  2.480e-02
 4.000e+02  7.000e+00  2.180e-02
 4.000e+02  8.000e+00  2.080e-02
 4.000e+02  9.000e+00  2.120e-02
 4.000e+02  1.000e+01  2.260e-02
 4.000e+02  1.100e+01  2.470e-02
 4.000e+02  1.200e+01  2.740e-02
 4.000e+02  1.300e+01  3.060e-02
 4.000e+02  1.400e+01  3.430e-02
 4.000e+02  1.500e+01  3.840e-02
 4.000e+02  1.600e+01  4.290e-02
 4.000e+02  1.700e+01  4.770e-02
 4.000e+02  1.800e+01  5.300e-02
 4.000e+02  1.900e+01  5.850e-02
 4.000e+02  2.000e+01  6.450e-02
 4.000e+02  2.500e+01  9.910e-02
 4.000e+02  3.000e+01  1.420e-01
 4.000e+02  3.500e+01  1.930e-01
 4.000e+02  4.000e+01  2.510e-01
 4.000e+02  4.500e+01  3.180e-01
 4.000e+02  5.000e+01  3.920e-01
 4.000e+02  5.500e+01  4.750e-01
 4.000e+02  6.000e+01  5.650e-01
