# mhp       tanbeta      NLO_xsec
 8.000e+02  1.000e-01  5.860e+00
 8.000e+02  2.000e-01  1.470e+00
 8.000e+02  3.000e-01  6.520e-01
 8.000e+02  4.000e-01  3.670e-01
 8.000e+02  5.000e-01  2.350e-01
 8.000e+02  6.000e-01  1.630e-01
 8.000e+02  7.000e-01  1.200e-01
 8.000e+02  8.000e-01  9.160e-02
 8.000e+02  9.000e-01  7.240e-02
 8.000e+02  1.000e+00  5.870e-02
 8.000e+02  2.000e+00  1.470e-02
 8.000e+02  3.000e+00  6.630e-03
 8.000e+02  4.000e+00  3.870e-03
 8.000e+02  5.000e+00  2.660e-03
 8.000e+02  6.000e+00  2.090e-03
 8.000e+02  7.000e+00  1.820e-03
 8.000e+02  8.000e+00  1.730e-03
 8.000e+02  9.000e+00  1.750e-03
 8.000e+02  1.000e+01  1.850e-03
 8.000e+02  1.100e+01  2.020e-03
 8.000e+02  1.200e+01  2.230e-03
 8.000e+02  1.300e+01  2.490e-03
 8.000e+02  1.400e+01  2.780e-03
 8.000e+02  1.500e+01  3.110e-03
 8.000e+02  1.600e+01  3.470e-03
 8.000e+02  1.700e+01  3.870e-03
 8.000e+02  1.800e+01  4.290e-03
 8.000e+02  1.900e+01  4.740e-03
 8.000e+02  2.000e+01  5.220e-03
 8.000e+02  2.500e+01  8.010e-03
 8.000e+02  3.000e+01  1.150e-02
 8.000e+02  3.500e+01  1.560e-02
 8.000e+02  4.000e+01  2.030e-02
 8.000e+02  4.500e+01  2.570e-02
 8.000e+02  5.000e+01  3.170e-02
 8.000e+02  5.500e+01  3.840e-02
 8.000e+02  6.000e+01  4.560e-02
