# mhp       tanbeta      NLO_xsec
 7.600e+02  1.000e-01  7.150e+00
 7.600e+02  2.000e-01  1.790e+00
 7.600e+02  3.000e-01  7.950e-01
 7.600e+02  4.000e-01  4.470e-01
 7.600e+02  5.000e-01  2.860e-01
 7.600e+02  6.000e-01  1.990e-01
 7.600e+02  7.000e-01  1.460e-01
 7.600e+02  8.000e-01  1.120e-01
 7.600e+02  9.000e-01  8.830e-02
 7.600e+02  1.000e+00  7.160e-02
 7.600e+02  2.000e+00  1.790e-02
 7.600e+02  3.000e+00  8.090e-03
 7.600e+02  4.000e+00  4.720e-03
 7.600e+02  5.000e+00  3.260e-03
 7.600e+02  6.000e+00  2.560e-03
 7.600e+02  7.000e+00  2.230e-03
 7.600e+02  8.000e+00  2.130e-03
 7.600e+02  9.000e+00  2.160e-03
 7.600e+02  1.000e+01  2.300e-03
 7.600e+02  1.100e+01  2.500e-03
 7.600e+02  1.200e+01  2.770e-03
 7.600e+02  1.300e+01  3.090e-03
 7.600e+02  1.400e+01  3.460e-03
 7.600e+02  1.500e+01  3.870e-03
 7.600e+02  1.600e+01  4.330e-03
 7.600e+02  1.700e+01  4.810e-03
 7.600e+02  1.800e+01  5.340e-03
 7.600e+02  1.900e+01  5.900e-03
 7.600e+02  2.000e+01  6.500e-03
 7.600e+02  2.500e+01  9.990e-03
 7.600e+02  3.000e+01  1.430e-02
 7.600e+02  3.500e+01  1.940e-02
 7.600e+02  4.000e+01  2.530e-02
 7.600e+02  4.500e+01  3.200e-02
 7.600e+02  5.000e+01  3.950e-02
 7.600e+02  5.500e+01  4.780e-02
 7.600e+02  6.000e+01  5.690e-02
