# mhp       tanbeta      NLO_xsec
 3.400e+02  1.000e-01  1.050e+02
 3.400e+02  2.000e-01  2.630e+01
 3.400e+02  3.000e-01  1.170e+01
 3.400e+02  4.000e-01  6.580e+00
 3.400e+02  5.000e-01  4.210e+00
 3.400e+02  6.000e-01  2.920e+00
 3.400e+02  7.000e-01  2.150e+00
 3.400e+02  8.000e-01  1.640e+00
 3.400e+02  9.000e-01  1.300e+00
 3.400e+02  1.000e+00  1.050e+00
 3.400e+02  2.000e+00  2.640e-01
 3.400e+02  3.000e+00  1.190e-01
 3.400e+02  4.000e+00  6.960e-02
 3.400e+02  5.000e+00  4.810e-02
 3.400e+02  6.000e+00  3.790e-02
 3.400e+02  7.000e+00  3.330e-02
 3.400e+02  8.000e+00  3.180e-02
 3.400e+02  9.000e+00  3.250e-02
 3.400e+02  1.000e+01  3.460e-02
 3.400e+02  1.100e+01  3.780e-02
 3.400e+02  1.200e+01  4.200e-02
 3.400e+02  1.300e+01  4.690e-02
 3.400e+02  1.400e+01  5.250e-02
 3.400e+02  1.500e+01  5.880e-02
 3.400e+02  1.600e+01  6.570e-02
 3.400e+02  1.700e+01  7.320e-02
 3.400e+02  1.800e+01  8.120e-02
 3.400e+02  1.900e+01  8.980e-02
 3.400e+02  2.000e+01  9.890e-02
 3.400e+02  2.500e+01  1.520e-01
 3.400e+02  3.000e+01  2.180e-01
 3.400e+02  3.500e+01  2.960e-01
 3.400e+02  4.000e+01  3.860e-01
 3.400e+02  4.500e+01  4.880e-01
 3.400e+02  5.000e+01  6.020e-01
 3.400e+02  5.500e+01  7.280e-01
 3.400e+02  6.000e+01  8.670e-01
