# mhp       tanbeta      NLO_xsec
 3.200e+02  1.000e-01  1.230e+02
 3.200e+02  2.000e-01  3.080e+01
 3.200e+02  3.000e-01  1.370e+01
 3.200e+02  4.000e-01  7.690e+00
 3.200e+02  5.000e-01  4.920e+00
 3.200e+02  6.000e-01  3.420e+00
 3.200e+02  7.000e-01  2.510e+00
 3.200e+02  8.000e-01  1.920e+00
 3.200e+02  9.000e-01  1.520e+00
 3.200e+02  1.000e+00  1.230e+00
 3.200e+02  2.000e+00  3.090e-01
 3.200e+02  3.000e+00  1.390e-01
 3.200e+02  4.000e+00  8.140e-02
 3.200e+02  5.000e+00  5.630e-02
 3.200e+02  6.000e+00  4.430e-02
 3.200e+02  7.000e+00  3.890e-02
 3.200e+02  8.000e+00  3.730e-02
 3.200e+02  9.000e+00  3.800e-02
 3.200e+02  1.000e+01  4.050e-02
 3.200e+02  1.100e+01  4.430e-02
 3.200e+02  1.200e+01  4.920e-02
 3.200e+02  1.300e+01  5.500e-02
 3.200e+02  1.400e+01  6.160e-02
 3.200e+02  1.500e+01  6.900e-02
 3.200e+02  1.600e+01  7.710e-02
 3.200e+02  1.700e+01  8.580e-02
 3.200e+02  1.800e+01  9.520e-02
 3.200e+02  1.900e+01  1.050e-01
 3.200e+02  2.000e+01  1.160e-01
 3.200e+02  2.500e+01  1.780e-01
 3.200e+02  3.000e+01  2.550e-01
 3.200e+02  3.500e+01  3.470e-01
 3.200e+02  4.000e+01  4.520e-01
 3.200e+02  4.500e+01  5.720e-01
 3.200e+02  5.000e+01  7.060e-01
 3.200e+02  5.500e+01  8.540e-01
 3.200e+02  6.000e+01  1.020e+00
