# mhp       tanbeta      NLO_xsec
 6.400e+02  1.000e-01  1.460e+01
 6.400e+02  2.000e-01  3.640e+00
 6.400e+02  3.000e-01  1.620e+00
 6.400e+02  4.000e-01  9.110e-01
 6.400e+02  5.000e-01  5.830e-01
 6.400e+02  6.000e-01  4.050e-01
 6.400e+02  7.000e-01  2.970e-01
 6.400e+02  8.000e-01  2.280e-01
 6.400e+02  9.000e-01  1.800e-01
 6.400e+02  1.000e+00  1.460e-01
 6.400e+02  2.000e+00  3.660e-02
 6.400e+02  3.000e+00  1.650e-02
 6.400e+02  4.000e+00  9.620e-03
 6.400e+02  5.000e+00  6.620e-03
 6.400e+02  6.000e+00  5.190e-03
 6.400e+02  7.000e+00  4.530e-03
 6.400e+02  8.000e+00  4.310e-03
 6.400e+02  9.000e+00  4.370e-03
 6.400e+02  1.000e+01  4.630e-03
 6.400e+02  1.100e+01  5.050e-03
 6.400e+02  1.200e+01  5.590e-03
 6.400e+02  1.300e+01  6.230e-03
 6.400e+02  1.400e+01  6.970e-03
 6.400e+02  1.500e+01  7.800e-03
 6.400e+02  1.600e+01  8.700e-03
 6.400e+02  1.700e+01  9.690e-03
 6.400e+02  1.800e+01  1.070e-02
 6.400e+02  1.900e+01  1.190e-02
 6.400e+02  2.000e+01  1.310e-02
 6.400e+02  2.500e+01  2.010e-02
 6.400e+02  3.000e+01  2.880e-02
 6.400e+02  3.500e+01  3.900e-02
 6.400e+02  4.000e+01  5.090e-02
 6.400e+02  4.500e+01  6.440e-02
 6.400e+02  5.000e+01  7.950e-02
 6.400e+02  5.500e+01  9.620e-02
 6.400e+02  6.000e+01  1.140e-01
