# mhp       tanbeta      NLO_xsec
 3.000e+02  1.000e-01  1.490e+02
 3.000e+02  2.000e-01  3.730e+01
 3.000e+02  3.000e-01  1.660e+01
 3.000e+02  4.000e-01  9.320e+00
 3.000e+02  5.000e-01  5.970e+00
 3.000e+02  6.000e-01  4.140e+00
 3.000e+02  7.000e-01  3.040e+00
 3.000e+02  8.000e-01  2.330e+00
 3.000e+02  9.000e-01  1.840e+00
 3.000e+02  1.000e+00  1.490e+00
 3.000e+02  2.000e+00  3.740e-01
 3.000e+02  3.000e+00  1.690e-01
 3.000e+02  4.000e+00  9.870e-02
 3.000e+02  5.000e+00  6.820e-02
 3.000e+02  6.000e+00  5.380e-02
 3.000e+02  7.000e+00  4.720e-02
 3.000e+02  8.000e+00  4.530e-02
 3.000e+02  9.000e+00  4.620e-02
 3.000e+02  1.000e+01  4.920e-02
 3.000e+02  1.100e+01  5.380e-02
 3.000e+02  1.200e+01  5.980e-02
 3.000e+02  1.300e+01  6.680e-02
 3.000e+02  1.400e+01  7.480e-02
 3.000e+02  1.500e+01  8.380e-02
 3.000e+02  1.600e+01  9.360e-02
 3.000e+02  1.700e+01  1.040e-01
 3.000e+02  1.800e+01  1.160e-01
 3.000e+02  1.900e+01  1.280e-01
 3.000e+02  2.000e+01  1.410e-01
 3.000e+02  2.500e+01  2.170e-01
 3.000e+02  3.000e+01  3.100e-01
 3.000e+02  3.500e+01  4.210e-01
 3.000e+02  4.000e+01  5.500e-01
 3.000e+02  4.500e+01  6.950e-01
 3.000e+02  5.000e+01  8.580e-01
 3.000e+02  5.500e+01  1.040e+00
 3.000e+02  6.000e+01  1.240e+00
