# mhp       tanbeta      NLO_xsec
 3.000e+02  1.000e-01  1.440e+02
 3.000e+02  2.000e-01  3.610e+01
 3.000e+02  3.000e-01  1.600e+01
 3.000e+02  4.000e-01  9.030e+00
 3.000e+02  5.000e-01  5.780e+00
 3.000e+02  6.000e-01  4.010e+00
 3.000e+02  7.000e-01  2.950e+00
 3.000e+02  8.000e-01  2.260e+00
 3.000e+02  9.000e-01  1.780e+00
 3.000e+02  1.000e+00  1.440e+00
 3.000e+02  2.000e+00  3.620e-01
 3.000e+02  3.000e+00  1.630e-01
 3.000e+02  4.000e+00  9.560e-02
 3.000e+02  5.000e+00  6.610e-02
 3.000e+02  6.000e+00  5.210e-02
 3.000e+02  7.000e+00  4.570e-02
 3.000e+02  8.000e+00  4.380e-02
 3.000e+02  9.000e+00  4.470e-02
 3.000e+02  1.000e+01  4.760e-02
 3.000e+02  1.100e+01  5.210e-02
 3.000e+02  1.200e+01  5.780e-02
 3.000e+02  1.300e+01  6.470e-02
 3.000e+02  1.400e+01  7.250e-02
 3.000e+02  1.500e+01  8.110e-02
 3.000e+02  1.600e+01  9.070e-02
 3.000e+02  1.700e+01  1.010e-01
 3.000e+02  1.800e+01  1.120e-01
 3.000e+02  1.900e+01  1.240e-01
 3.000e+02  2.000e+01  1.360e-01
 3.000e+02  2.500e+01  2.100e-01
 3.000e+02  3.000e+01  3.000e-01
 3.000e+02  3.500e+01  4.080e-01
 3.000e+02  4.000e+01  5.320e-01
 3.000e+02  4.500e+01  6.730e-01
 3.000e+02  5.000e+01  8.310e-01
 3.000e+02  5.500e+01  1.010e+00
 3.000e+02  6.000e+01  1.200e+00
