# mhp       tanbeta      NLO_xsec
 8.200e+02  1.000e-01  5.220e+00
 8.200e+02  2.000e-01  1.310e+00
 8.200e+02  3.000e-01  5.810e-01
 8.200e+02  4.000e-01  3.270e-01
 8.200e+02  5.000e-01  2.090e-01
 8.200e+02  6.000e-01  1.450e-01
 8.200e+02  7.000e-01  1.070e-01
 8.200e+02  8.000e-01  8.160e-02
 8.200e+02  9.000e-01  6.450e-02
 8.200e+02  1.000e+00  5.230e-02
 8.200e+02  2.000e+00  1.310e-02
 8.200e+02  3.000e+00  5.910e-03
 8.200e+02  4.000e+00  3.450e-03
 8.200e+02  5.000e+00  2.380e-03
 8.200e+02  6.000e+00  1.870e-03
 8.200e+02  7.000e+00  1.630e-03
 8.200e+02  8.000e+00  1.550e-03
 8.200e+02  9.000e+00  1.580e-03
 8.200e+02  1.000e+01  1.670e-03
 8.200e+02  1.100e+01  1.820e-03
 8.200e+02  1.200e+01  2.020e-03
 8.200e+02  1.300e+01  2.250e-03
 8.200e+02  1.400e+01  2.520e-03
 8.200e+02  1.500e+01  2.820e-03
 8.200e+02  1.600e+01  3.150e-03
 8.200e+02  1.700e+01  3.510e-03
 8.200e+02  1.800e+01  3.890e-03
 8.200e+02  1.900e+01  4.300e-03
 8.200e+02  2.000e+01  4.730e-03
 8.200e+02  2.500e+01  7.270e-03
 8.200e+02  3.000e+01  1.040e-02
 8.200e+02  3.500e+01  1.410e-02
 8.200e+02  4.000e+01  1.840e-02
 8.200e+02  4.500e+01  2.330e-02
 8.200e+02  5.000e+01  2.880e-02
 8.200e+02  5.500e+01  3.480e-02
 8.200e+02  6.000e+01  4.140e-02
