# mhp       tanbeta      NLO_xsec
 2.000e+02  1.000e-01  3.420e+02
 2.000e+02  2.000e-01  8.550e+01
 2.000e+02  3.000e-01  3.800e+01
 2.000e+02  4.000e-01  2.140e+01
 2.000e+02  5.000e-01  1.370e+01
 2.000e+02  6.000e-01  9.500e+00
 2.000e+02  7.000e-01  6.980e+00
 2.000e+02  8.000e-01  5.340e+00
 2.000e+02  9.000e-01  4.220e+00
 2.000e+02  1.000e+00  3.420e+00
 2.000e+02  2.000e+00  8.580e-01
 2.000e+02  3.000e+00  3.870e-01
 2.000e+02  4.000e+00  2.260e-01
 2.000e+02  5.000e+00  1.570e-01
 2.000e+02  6.000e+00  1.240e-01
 2.000e+02  7.000e+00  1.090e-01
 2.000e+02  8.000e+00  1.050e-01
 2.000e+02  9.000e+00  1.070e-01
 2.000e+02  1.000e+01  1.140e-01
 2.000e+02  1.100e+01  1.250e-01
 2.000e+02  1.200e+01  1.390e-01
 2.000e+02  1.300e+01  1.550e-01
 2.000e+02  1.400e+01  1.740e-01
 2.000e+02  1.500e+01  1.950e-01
 2.000e+02  1.600e+01  2.180e-01
 2.000e+02  1.700e+01  2.430e-01
 2.000e+02  1.800e+01  2.690e-01
 2.000e+02  1.900e+01  2.980e-01
 2.000e+02  2.000e+01  3.280e-01
 2.000e+02  2.500e+01  5.050e-01
 2.000e+02  3.000e+01  7.230e-01
 2.000e+02  3.500e+01  9.810e-01
 2.000e+02  4.000e+01  1.280e+00
 2.000e+02  4.500e+01  1.620e+00
 2.000e+02  5.000e+01  2.000e+00
 2.000e+02  5.500e+01  2.420e+00
 2.000e+02  6.000e+01  2.880e+00
