# mhp       tanbeta      NLO_xsec
 9.000e+02  1.000e-01  3.470e+00
 9.000e+02  2.000e-01  8.680e-01
 9.000e+02  3.000e-01  3.860e-01
 9.000e+02  4.000e-01  2.170e-01
 9.000e+02  5.000e-01  1.390e-01
 9.000e+02  6.000e-01  9.650e-02
 9.000e+02  7.000e-01  7.090e-02
 9.000e+02  8.000e-01  5.430e-02
 9.000e+02  9.000e-01  4.290e-02
 9.000e+02  1.000e+00  3.470e-02
 9.000e+02  2.000e+00  8.710e-03
 9.000e+02  3.000e+00  3.930e-03
 9.000e+02  4.000e+00  2.290e-03
 9.000e+02  5.000e+00  1.580e-03
 9.000e+02  6.000e+00  1.240e-03
 9.000e+02  7.000e+00  1.080e-03
 9.000e+02  8.000e+00  1.030e-03
 9.000e+02  9.000e+00  1.050e-03
 9.000e+02  1.000e+01  1.110e-03
 9.000e+02  1.100e+01  1.210e-03
 9.000e+02  1.200e+01  1.340e-03
 9.000e+02  1.300e+01  1.490e-03
 9.000e+02  1.400e+01  1.670e-03
 9.000e+02  1.500e+01  1.870e-03
 9.000e+02  1.600e+01  2.090e-03
 9.000e+02  1.700e+01  2.320e-03
 9.000e+02  1.800e+01  2.580e-03
 9.000e+02  1.900e+01  2.850e-03
 9.000e+02  2.000e+01  3.130e-03
 9.000e+02  2.500e+01  4.820e-03
 9.000e+02  3.000e+01  6.890e-03
 9.000e+02  3.500e+01  9.360e-03
 9.000e+02  4.000e+01  1.220e-02
 9.000e+02  4.500e+01  1.540e-02
 9.000e+02  5.000e+01  1.910e-02
 9.000e+02  5.500e+01  2.310e-02
 9.000e+02  6.000e+01  2.740e-02
