# mhp       tanbeta      NLO_xsec
 2.000e+02  1.000e-01  3.660e+02
 2.000e+02  2.000e-01  9.160e+01
 2.000e+02  3.000e-01  4.070e+01
 2.000e+02  4.000e-01  2.290e+01
 2.000e+02  5.000e-01  1.460e+01
 2.000e+02  6.000e-01  1.020e+01
 2.000e+02  7.000e-01  7.470e+00
 2.000e+02  8.000e-01  5.720e+00
 2.000e+02  9.000e-01  4.520e+00
 2.000e+02  1.000e+00  3.660e+00
 2.000e+02  2.000e+00  9.190e-01
 2.000e+02  3.000e+00  4.140e-01
 2.000e+02  4.000e+00  2.420e-01
 2.000e+02  5.000e+00  1.670e-01
 2.000e+02  6.000e+00  1.320e-01
 2.000e+02  7.000e+00  1.160e-01
 2.000e+02  8.000e+00  1.110e-01
 2.000e+02  9.000e+00  1.130e-01
 2.000e+02  1.000e+01  1.200e-01
 2.000e+02  1.100e+01  1.320e-01
 2.000e+02  1.200e+01  1.460e-01
 2.000e+02  1.300e+01  1.630e-01
 2.000e+02  1.400e+01  1.830e-01
 2.000e+02  1.500e+01  2.050e-01
 2.000e+02  1.600e+01  2.290e-01
 2.000e+02  1.700e+01  2.550e-01
 2.000e+02  1.800e+01  2.830e-01
 2.000e+02  1.900e+01  3.130e-01
 2.000e+02  2.000e+01  3.440e-01
 2.000e+02  2.500e+01  5.290e-01
 2.000e+02  3.000e+01  7.580e-01
 2.000e+02  3.500e+01  1.030e+00
 2.000e+02  4.000e+01  1.340e+00
 2.000e+02  4.500e+01  1.700e+00
 2.000e+02  5.000e+01  2.100e+00
 2.000e+02  5.500e+01  2.540e+00
 2.000e+02  6.000e+01  3.020e+00
