# mhp       tanbeta      NLO_xsec
 7.000e+02  1.000e-01  1.010e+01
 7.000e+02  2.000e-01  2.520e+00
 7.000e+02  3.000e-01  1.120e+00
 7.000e+02  4.000e-01  6.290e-01
 7.000e+02  5.000e-01  4.030e-01
 7.000e+02  6.000e-01  2.800e-01
 7.000e+02  7.000e-01  2.060e-01
 7.000e+02  8.000e-01  1.570e-01
 7.000e+02  9.000e-01  1.240e-01
 7.000e+02  1.000e+00  1.010e-01
 7.000e+02  2.000e+00  2.530e-02
 7.000e+02  3.000e+00  1.140e-02
 7.000e+02  4.000e+00  6.650e-03
 7.000e+02  5.000e+00  4.590e-03
 7.000e+02  6.000e+00  3.600e-03
 7.000e+02  7.000e+00  3.150e-03
 7.000e+02  8.000e+00  3.000e-03
 7.000e+02  9.000e+00  3.050e-03
 7.000e+02  1.000e+01  3.240e-03
 7.000e+02  1.100e+01  3.530e-03
 7.000e+02  1.200e+01  3.910e-03
 7.000e+02  1.300e+01  4.370e-03
 7.000e+02  1.400e+01  4.890e-03
 7.000e+02  1.500e+01  5.470e-03
 7.000e+02  1.600e+01  6.110e-03
 7.000e+02  1.700e+01  6.800e-03
 7.000e+02  1.800e+01  7.540e-03
 7.000e+02  1.900e+01  8.340e-03
 7.000e+02  2.000e+01  9.180e-03
 7.000e+02  2.500e+01  1.410e-02
 7.000e+02  3.000e+01  2.020e-02
 7.000e+02  3.500e+01  2.740e-02
 7.000e+02  4.000e+01  3.580e-02
 7.000e+02  4.500e+01  4.530e-02
 7.000e+02  5.000e+01  5.590e-02
 7.000e+02  5.500e+01  6.760e-02
 7.000e+02  6.000e+01  8.040e-02
