# mhp       tanbeta      NLO_xsec
 6.600e+02  1.000e-01  1.250e+01
 6.600e+02  2.000e-01  3.130e+00
 6.600e+02  3.000e-01  1.390e+00
 6.600e+02  4.000e-01  7.820e-01
 6.600e+02  5.000e-01  5.000e-01
 6.600e+02  6.000e-01  3.470e-01
 6.600e+02  7.000e-01  2.550e-01
 6.600e+02  8.000e-01  1.950e-01
 6.600e+02  9.000e-01  1.540e-01
 6.600e+02  1.000e+00  1.250e-01
 6.600e+02  2.000e+00  3.140e-02
 6.600e+02  3.000e+00  1.410e-02
 6.600e+02  4.000e+00  8.260e-03
 6.600e+02  5.000e+00  5.700e-03
 6.600e+02  6.000e+00  4.470e-03
 6.600e+02  7.000e+00  3.910e-03
 6.600e+02  8.000e+00  3.730e-03
 6.600e+02  9.000e+00  3.800e-03
 6.600e+02  1.000e+01  4.030e-03
 6.600e+02  1.100e+01  4.400e-03
 6.600e+02  1.200e+01  4.870e-03
 6.600e+02  1.300e+01  5.440e-03
 6.600e+02  1.400e+01  6.090e-03
 6.600e+02  1.500e+01  6.810e-03
 6.600e+02  1.600e+01  7.600e-03
 6.600e+02  1.700e+01  8.470e-03
 6.600e+02  1.800e+01  9.390e-03
 6.600e+02  1.900e+01  1.040e-02
 6.600e+02  2.000e+01  1.140e-02
 6.600e+02  2.500e+01  1.760e-02
 6.600e+02  3.000e+01  2.520e-02
 6.600e+02  3.500e+01  3.420e-02
 6.600e+02  4.000e+01  4.450e-02
 6.600e+02  4.500e+01  5.630e-02
 6.600e+02  5.000e+01  6.950e-02
 6.600e+02  5.500e+01  8.410e-02
 6.600e+02  6.000e+01  1.000e-01
