# mhp       tanbeta      NLO_xsec
 3.600e+02  1.000e-01  9.030e+01
 3.600e+02  2.000e-01  2.260e+01
 3.600e+02  3.000e-01  1.000e+01
 3.600e+02  4.000e-01  5.640e+00
 3.600e+02  5.000e-01  3.610e+00
 3.600e+02  6.000e-01  2.510e+00
 3.600e+02  7.000e-01  1.840e+00
 3.600e+02  8.000e-01  1.410e+00
 3.600e+02  9.000e-01  1.110e+00
 3.600e+02  1.000e+00  9.030e-01
 3.600e+02  2.000e+00  2.270e-01
 3.600e+02  3.000e+00  1.020e-01
 3.600e+02  4.000e+00  5.970e-02
 3.600e+02  5.000e+00  4.130e-02
 3.600e+02  6.000e+00  3.250e-02
 3.600e+02  7.000e+00  2.850e-02
 3.600e+02  8.000e+00  2.730e-02
 3.600e+02  9.000e+00  2.780e-02
 3.600e+02  1.000e+01  2.960e-02
 3.600e+02  1.100e+01  3.240e-02
 3.600e+02  1.200e+01  3.590e-02
 3.600e+02  1.300e+01  4.020e-02
 3.600e+02  1.400e+01  4.500e-02
 3.600e+02  1.500e+01  5.040e-02
 3.600e+02  1.600e+01  5.630e-02
 3.600e+02  1.700e+01  6.270e-02
 3.600e+02  1.800e+01  6.950e-02
 3.600e+02  1.900e+01  7.690e-02
 3.600e+02  2.000e+01  8.470e-02
 3.600e+02  2.500e+01  1.300e-01
 3.600e+02  3.000e+01  1.860e-01
 3.600e+02  3.500e+01  2.530e-01
 3.600e+02  4.000e+01  3.300e-01
 3.600e+02  4.500e+01  4.180e-01
 3.600e+02  5.000e+01  5.150e-01
 3.600e+02  5.500e+01  6.240e-01
 3.600e+02  6.000e+01  7.420e-01
