# mhp       tanbeta      NLO_xsec
 4.600e+02  1.000e-01  4.390e+01
 4.600e+02  2.000e-01  1.100e+01
 4.600e+02  3.000e-01  4.880e+00
 4.600e+02  4.000e-01  2.750e+00
 4.600e+02  5.000e-01  1.760e+00
 4.600e+02  6.000e-01  1.220e+00
 4.600e+02  7.000e-01  8.970e-01
 4.600e+02  8.000e-01  6.870e-01
 4.600e+02  9.000e-01  5.430e-01
 4.600e+02  1.000e+00  4.400e-01
 4.600e+02  2.000e+00  1.100e-01
 4.600e+02  3.000e+00  4.970e-02
 4.600e+02  4.000e+00  2.910e-02
 4.600e+02  5.000e+00  2.010e-02
 4.600e+02  6.000e+00  1.580e-02
 4.600e+02  7.000e+00  1.380e-02
 4.600e+02  8.000e+00  1.320e-02
 4.600e+02  9.000e+00  1.350e-02
 4.600e+02  1.000e+01  1.430e-02
 4.600e+02  1.100e+01  1.560e-02
 4.600e+02  1.200e+01  1.730e-02
 4.600e+02  1.300e+01  1.940e-02
 4.600e+02  1.400e+01  2.170e-02
 4.600e+02  1.500e+01  2.430e-02
 4.600e+02  1.600e+01  2.710e-02
 4.600e+02  1.700e+01  3.020e-02
 4.600e+02  1.800e+01  3.350e-02
 4.600e+02  1.900e+01  3.700e-02
 4.600e+02  2.000e+01  4.080e-02
 4.600e+02  2.500e+01  6.270e-02
 4.600e+02  3.000e+01  8.980e-02
 4.600e+02  3.500e+01  1.220e-01
 4.600e+02  4.000e+01  1.590e-01
 4.600e+02  4.500e+01  2.010e-01
 4.600e+02  5.000e+01  2.480e-01
 4.600e+02  5.500e+01  3.000e-01
 4.600e+02  6.000e+01  3.570e-01
