# mhp       tanbeta      NLO_xsec
 9.200e+02  1.000e-01  3.130e+00
 9.200e+02  2.000e-01  7.830e-01
 9.200e+02  3.000e-01  3.480e-01
 9.200e+02  4.000e-01  1.960e-01
 9.200e+02  5.000e-01  1.250e-01
 9.200e+02  6.000e-01  8.700e-02
 9.200e+02  7.000e-01  6.390e-02
 9.200e+02  8.000e-01  4.900e-02
 9.200e+02  9.000e-01  3.870e-02
 9.200e+02  1.000e+00  3.130e-02
 9.200e+02  2.000e+00  7.860e-03
 9.200e+02  3.000e+00  3.540e-03
 9.200e+02  4.000e+00  2.070e-03
 9.200e+02  5.000e+00  1.430e-03
 9.200e+02  6.000e+00  1.120e-03
 9.200e+02  7.000e+00  9.760e-04
 9.200e+02  8.000e+00  9.290e-04
 9.200e+02  9.000e+00  9.430e-04
 9.200e+02  1.000e+01  1.000e-03
 9.200e+02  1.100e+01  1.090e-03
 9.200e+02  1.200e+01  1.210e-03
 9.200e+02  1.300e+01  1.350e-03
 9.200e+02  1.400e+01  1.510e-03
 9.200e+02  1.500e+01  1.680e-03
 9.200e+02  1.600e+01  1.880e-03
 9.200e+02  1.700e+01  2.090e-03
 9.200e+02  1.800e+01  2.320e-03
 9.200e+02  1.900e+01  2.570e-03
 9.200e+02  2.000e+01  2.830e-03
 9.200e+02  2.500e+01  4.340e-03
 9.200e+02  3.000e+01  6.220e-03
 9.200e+02  3.500e+01  8.440e-03
 9.200e+02  4.000e+01  1.100e-02
 9.200e+02  4.500e+01  1.390e-02
 9.200e+02  5.000e+01  1.720e-02
 9.200e+02  5.500e+01  2.080e-02
 9.200e+02  6.000e+01  2.470e-02
