# mhp       tanbeta      NLO_xsec
 8.000e+02  1.000e-01  5.780e+00
 8.000e+02  2.000e-01  1.450e+00
 8.000e+02  3.000e-01  6.420e-01
 8.000e+02  4.000e-01  3.610e-01
 8.000e+02  5.000e-01  2.310e-01
 8.000e+02  6.000e-01  1.610e-01
 8.000e+02  7.000e-01  1.180e-01
 8.000e+02  8.000e-01  9.030e-02
 8.000e+02  9.000e-01  7.140e-02
 8.000e+02  1.000e+00  5.780e-02
 8.000e+02  2.000e+00  1.450e-02
 8.000e+02  3.000e+00  6.540e-03
 8.000e+02  4.000e+00  3.820e-03
 8.000e+02  5.000e+00  2.630e-03
 8.000e+02  6.000e+00  2.060e-03
 8.000e+02  7.000e+00  1.800e-03
 8.000e+02  8.000e+00  1.720e-03
 8.000e+02  9.000e+00  1.750e-03
 8.000e+02  1.000e+01  1.850e-03
 8.000e+02  1.100e+01  2.020e-03
 8.000e+02  1.200e+01  2.240e-03
 8.000e+02  1.300e+01  2.500e-03
 8.000e+02  1.400e+01  2.790e-03
 8.000e+02  1.500e+01  3.120e-03
 8.000e+02  1.600e+01  3.490e-03
 8.000e+02  1.700e+01  3.880e-03
 8.000e+02  1.800e+01  4.310e-03
 8.000e+02  1.900e+01  4.760e-03
 8.000e+02  2.000e+01  5.240e-03
 8.000e+02  2.500e+01  8.060e-03
 8.000e+02  3.000e+01  1.150e-02
 8.000e+02  3.500e+01  1.570e-02
 8.000e+02  4.000e+01  2.040e-02
 8.000e+02  4.500e+01  2.580e-02
 8.000e+02  5.000e+01  3.190e-02
 8.000e+02  5.500e+01  3.860e-02
 8.000e+02  6.000e+01  4.590e-02
