WARNING: Using CT10-pdf-error from nlo for lo also.
WARNING: No LO alphas+pdf-error for CT10.
ATTENTION: Combined errors for CT10
    Using alphas + pdf-error as combined error for CT10, since no
    mb-error is available for CT10.


***************************************
*  CT10-Results for 13TeV             *
***************************************

  M_H    pdf-set         LO       NLO      pdf_error       as_error       scale_var     total_error
--------------------------------------------------------------------------------------------------------
  200       CT10   6.07e-01   7.23e-01     +2.91e-02       +0.00e+00       +7.10e-02       +1.00e-01
                                           -2.76e-02       -1.20e-03       -7.30e-02       -1.01e-01
  220       CT10   5.05e-01   6.00e-01     +2.58e-02       +0.00e+00       +5.70e-02       +8.28e-02
                                           -2.54e-02       -1.20e-03       -5.90e-02       -8.44e-02
  240       CT10   4.21e-01   5.00e-01     +2.47e-02       +1.20e-03       +4.70e-02       +7.17e-02
                                           -1.96e-02       -0.00e+00       -4.80e-02       -6.76e-02
  260       CT10   3.53e-01   4.20e-01     +2.16e-02       +1.20e-03       +3.90e-02       +6.07e-02
                                           -1.70e-02       -0.00e+00       -4.00e-02       -5.70e-02
  280       CT10   2.97e-01   3.55e-01     +1.73e-02       +0.00e+00       +3.20e-02       +4.93e-02
                                           -1.69e-02       -1.20e-03       -3.40e-02       -5.09e-02
  300       CT10   2.51e-01   3.00e-01     +1.68e-02       +1.20e-03       +2.70e-02       +4.38e-02
                                           -1.33e-02       -0.00e+00       -2.80e-02       -4.13e-02
  320       CT10   2.12e-01   2.55e-01     +1.43e-02       +1.20e-03       +2.30e-02       +3.74e-02
                                           -1.13e-02       -0.00e+00       -2.30e-02       -3.43e-02
  340       CT10   1.81e-01   2.18e-01     +1.15e-02       +0.00e+00       +1.90e-02       +3.05e-02
                                           -1.13e-02       -1.20e-03       -2.00e-02       -3.14e-02
  360       CT10   1.54e-01   1.86e-01     +1.18e-02       +1.20e-03       +1.60e-02       +2.79e-02
                                           -8.66e-03       -0.00e+00       -1.70e-02       -2.57e-02
  380       CT10   1.32e-01   1.60e-01     +9.78e-03       +0.00e+00       +1.40e-02       +2.38e-02
                                           -8.29e-03       -0.00e+00       -1.40e-02       -2.23e-02
  400       CT10   1.13e-01   1.38e-01     +8.66e-03       +0.00e+00       +1.20e-02       +2.07e-02
                                           -7.69e-03       -0.00e+00       -1.20e-02       -1.97e-02
  420       CT10   9.77e-02   1.19e-01     +8.13e-03       +1.20e-03       +1.00e-02       +1.82e-02
                                           -6.66e-03       -0.00e+00       -1.00e-02       -1.67e-02
  440       CT10   8.44e-02   1.03e-01     +7.54e-03       +1.20e-03       +9.00e-03       +1.66e-02
                                           -5.66e-03       -0.00e+00       -8.80e-03       -1.45e-02
  460       CT10   7.32e-02   8.98e-02     +6.16e-03       +3.60e-04       +7.70e-03       +1.39e-02
                                           -5.52e-03       -3.60e-04       -7.90e-03       -1.34e-02
  480       CT10   6.36e-02   7.82e-02     +5.65e-03       +3.60e-04       +6.80e-03       +1.25e-02
                                           -4.81e-03       -2.40e-04       -6.80e-03       -1.16e-02
  500       CT10   5.54e-02   6.83e-02     +5.10e-03       +3.60e-04       +5.90e-03       +1.10e-02
                                           -4.26e-03       -2.40e-04       -5.90e-03       -1.02e-02
  520       CT10   4.84e-02   5.99e-02     +4.42e-03       +2.40e-04       +5.10e-03       +9.53e-03
                                           -4.06e-03       -3.60e-04       -5.20e-03       -9.27e-03
  540       CT10   4.23e-02   5.25e-02     +4.21e-03       +3.60e-04       +4.60e-03       +8.82e-03
                                           -3.43e-03       -1.20e-04       -4.40e-03       -7.83e-03
  560       CT10   3.71e-02   4.62e-02     +3.79e-03       +3.60e-04       +4.00e-03       +7.81e-03
                                           -3.13e-03       -1.20e-04       -3.90e-03       -7.03e-03
  580       CT10   3.26e-02   4.08e-02     +3.29e-03       +2.40e-04       +3.50e-03       +6.79e-03
                                           -2.99e-03       -2.40e-04       -3.50e-03       -6.50e-03
  600       CT10   2.88e-02   3.60e-02     +3.11e-03       +2.40e-04       +3.20e-03       +6.32e-03
                                           -2.61e-03       -1.20e-04       -3.00e-03       -5.61e-03
  620       CT10   2.54e-02   3.19e-02     +2.74e-03       +2.40e-04       +2.80e-03       +5.55e-03
                                           -2.39e-03       -2.40e-04       -2.70e-03       -5.10e-03
  640       CT10   2.25e-02   2.83e-02     +2.52e-03       +2.40e-04       +2.50e-03       +5.03e-03
                                           -2.21e-03       -1.20e-04       -2.30e-03       -4.51e-03
  660       CT10   1.99e-02   2.51e-02     +2.40e-03       +2.40e-04       +2.20e-03       +4.61e-03
                                           -1.86e-03       -1.20e-04       -2.00e-03       -3.87e-03
  680       CT10   1.77e-02   2.24e-02     +2.07e-03       +1.20e-04       +1.90e-03       +3.97e-03
                                           -1.80e-03       -1.20e-04       -1.80e-03       -3.61e-03
  700       CT10   1.57e-02   2.00e-02     +1.81e-03       +1.20e-04       +1.70e-03       +3.52e-03
                                           -1.72e-03       -2.40e-04       -1.70e-03       -3.44e-03
  720       CT10   1.40e-02   1.78e-02     +1.80e-03       +2.40e-04       +1.60e-03       +3.41e-03
                                           -1.39e-03       -1.20e-04       -1.40e-03       -2.80e-03
  740       CT10   1.25e-02   1.60e-02     +1.51e-03       +1.20e-04       +1.40e-03       +2.91e-03
                                           -1.47e-03       -1.20e-04       -1.40e-03       -2.87e-03
  760       CT10   1.11e-02   1.43e-02     +1.47e-03       +1.20e-04       +1.30e-03       +2.78e-03
                                           -1.28e-03       -1.20e-04       -1.20e-03       -2.49e-03
  780       CT10   9.96e-03   1.28e-02     +1.45e-03       +1.20e-04       +1.20e-03       +2.66e-03
                                           -1.14e-03       -1.20e-04       -1.00e-03       -2.14e-03
  800       CT10   8.92e-03   1.15e-02     +1.34e-03       +1.20e-04       +1.00e-03       +2.35e-03
                                           -1.01e-03       -1.20e-04       -9.00e-04       -1.92e-03
  820       CT10   8.01e-03   1.04e-02     +1.09e-03       +1.20e-04       +9.00e-04       +1.99e-03
                                           -1.03e-03       -1.20e-04       -8.90e-04       -1.93e-03
  840       CT10   7.19e-03   9.35e-03     +1.05e-03       +1.08e-04       +8.50e-04       +1.90e-03
                                           -8.93e-04       -8.40e-05       -7.90e-04       -1.69e-03
  860       CT10   6.47e-03   8.43e-03     +9.83e-04       +1.08e-04       +7.50e-04       +1.74e-03
                                           -8.13e-04       -7.20e-05       -7.10e-04       -1.53e-03
  880       CT10   5.82e-03   7.62e-03     +8.98e-04       +9.60e-05       +6.70e-04       +1.57e-03
                                           -7.52e-04       -7.20e-05       -6.40e-04       -1.40e-03
  900       CT10   5.25e-03   6.89e-03     +8.33e-04       +8.40e-05       +6.10e-04       +1.45e-03
                                           -6.93e-04       -7.20e-05       -5.80e-04       -1.28e-03
  920       CT10   4.74e-03   6.24e-03     +7.67e-04       +8.40e-05       +5.50e-04       +1.32e-03
                                           -6.39e-04       -7.20e-05       -5.30e-04       -1.17e-03
  940       CT10   4.28e-03   5.66e-03     +7.02e-04       +7.20e-05       +5.00e-04       +1.21e-03
                                           -5.98e-04       -7.20e-05       -4.90e-04       -1.09e-03
  960       CT10   3.87e-03   5.13e-03     +6.60e-04       +7.20e-05       +4.60e-04       +1.12e-03
                                           -5.39e-04       -4.80e-05       -4.40e-04       -9.81e-04
  980       CT10   3.50e-03   4.66e-03     +6.16e-04       +7.20e-05       +4.10e-04       +1.03e-03
                                           -4.94e-04       -4.80e-05       -4.00e-04       -8.96e-04
 1000       CT10   3.18e-03   4.24e-03     +5.65e-04       +6.00e-05       +3.80e-04       +9.48e-04
                                           -4.66e-04       -4.80e-05       -3.70e-04       -8.38e-04
