WARNING: Using pdf-error from alphas(MZ)=0.120/0.139 from MSTW for calculation with alphas(MZ)=0.118
WARNING: No LO alphas+pdf-error for MSTW2008.
X 0
WARNING: No LO mb+pdf-error for MSTW.
X 0
X 0
X 0
X 0
X 0
X 0
X 0
X 0
X 0
X 0
X 0
X 0
X 0
X 0
X 0
X 0
X 0
X 0
X 0
X 0
X 0
X 0
X 0
X 0
X 0
X 0
X 0
X 0
X 0
X 0
X 0
X 0
X 0
X 0
X 0
X 0
X 0
X 0
X 0
X 0
ATTENTION: Combined errors for MSTW2008
    Using mb + pdf + alphas-error added in quadrature.


***************************************
*  MSTW2008-Results for 13TeV         *
***************************************

  M_H    pdf-set         LO    pdf_error      NLO    pdf_error       as_error       mb_error      scale_var    total_error
--------------------------------------------------------------------------------------------------------------------------
  200   MSTW2008   6.19e-01   +1.68e-02  7.49e-01    +2.33e-02      +8.00e-04      +2.11e-02      +7.10e-02      +1.02e-01
                              -1.95e-02              -2.64e-02      -0.00e+00      -1.99e-02      -7.30e-02      -1.06e-01
  220   MSTW2008   5.17e-01   +1.40e-02  6.21e-01    +1.97e-02      +0.00e+00      +1.75e-02      +5.70e-02      +8.33e-02
                              -1.76e-02              -2.51e-02      -1.00e-03      -1.66e-02      -5.90e-02      -8.91e-02
  240   MSTW2008   4.33e-01   +1.30e-02  5.18e-01    +1.82e-02      +0.00e+00      +1.46e-02      +4.70e-02      +7.03e-02
                              -1.30e-02              -1.99e-02      -0.00e+00      -1.39e-02      -4.80e-02      -7.23e-02
  260   MSTW2008   3.65e-01   +1.04e-02  4.35e-01    +1.52e-02      +0.00e+00      +1.22e-02      +3.90e-02      +5.85e-02
                              -1.35e-02              -1.76e-02      -0.00e+00      -1.15e-02      -4.00e-02      -6.10e-02
  280   MSTW2008   3.08e-01   +9.43e-03  3.67e-01    +1.26e-02      +0.00e+00      +1.03e-02      +3.20e-02      +4.83e-02
                              -9.85e-03              -1.62e-02      -0.00e+00      -9.84e-03      -3.40e-02      -5.29e-02
  300   MSTW2008   2.61e-01   +9.90e-03  3.10e-01    +9.85e-03      +0.00e+00      +8.64e-03      +2.70e-02      +4.01e-02
                              -7.87e-03              -1.49e-02      -1.00e-03      -8.40e-03      -2.80e-02      -4.52e-02
  320   MSTW2008   2.23e-01   +6.48e-03  2.64e-01    +1.00e-02      +0.00e+00      +7.44e-03      +2.30e-02      +3.55e-02
                              -8.60e-03              -1.24e-02      -0.00e+00      -7.20e-03      -2.30e-02      -3.73e-02
  340   MSTW2008   1.90e-01   +7.21e-03  2.25e-01    +8.31e-03      +0.00e+00      +6.48e-03      +1.90e-02      +2.95e-02
                              -5.83e-03              -9.90e-03      -0.00e+00      -6.00e-03      -2.00e-02      -3.16e-02
  360   MSTW2008   1.63e-01   +6.00e-03  1.92e-01    +6.40e-03      +0.00e+00      +5.28e-03      +1.60e-02      +2.43e-02
                              -5.83e-03              -1.03e-02      -1.00e-03      -5.28e-03      -1.70e-02      -2.86e-02
  380   MSTW2008   1.40e-01   +6.56e-03  1.65e-01    +7.00e-03      +0.00e+00      +4.80e-03      +1.40e-02      +2.25e-02
                              -4.00e-03              -6.93e-03      -0.00e+00      -4.32e-03      -1.40e-02      -2.22e-02
  400   MSTW2008   1.21e-01   +5.00e-03  1.42e-01    +7.00e-03      +0.00e+00      +4.08e-03      +1.20e-02      +2.01e-02
                              -4.12e-03              -6.86e-03      -0.00e+00      -3.84e-03      -1.20e-02      -1.99e-02
  420   MSTW2008   1.05e-01   +4.12e-03  1.23e-01    +4.69e-03      +0.00e+00      +3.36e-03      +1.00e-02      +1.58e-02
                              -4.24e-03              -6.32e-03      -0.00e+00      -3.36e-03      -1.00e-02      -1.72e-02
  440   MSTW2008   9.12e-02   +3.38e-03  1.06e-01    +6.00e-03      +1.00e-03      +3.12e-03      +9.00e-03      +1.58e-02
                              -3.72e-03              -4.58e-03      -0.00e+00      -2.76e-03      -8.80e-03      -1.41e-02
  460   MSTW2008   7.94e-02   +2.98e-03  9.21e-02    +3.94e-03      +0.00e+00      +2.52e-03      +7.70e-03      +1.24e-02
                              -3.21e-03              -5.07e-03      -1.60e-04      -2.50e-03      -7.90e-03      -1.36e-02
  480   MSTW2008   6.93e-02   +2.70e-03  8.02e-02    +3.42e-03      +0.00e+00      +2.28e-03      +6.80e-03      +1.09e-02
                              -2.77e-03              -4.62e-03      -1.60e-04      -2.18e-03      -6.80e-03      -1.19e-02
  500   MSTW2008   6.07e-02   +2.36e-03  7.00e-02    +3.28e-03      +1.00e-04      +2.02e-03      +5.90e-03      +9.75e-03
                              -2.54e-03              -3.89e-03      -8.00e-05      -1.90e-03      -5.90e-03      -1.02e-02
  520   MSTW2008   5.32e-02   +2.32e-03  6.12e-02    +2.68e-03      +0.00e+00      +1.75e-03      +5.10e-03      +8.30e-03
                              -2.05e-03              -3.74e-03      -1.60e-04      -1.68e-03      -5.20e-03      -9.30e-03
  540   MSTW2008   4.68e-02   +2.10e-03  5.37e-02    +2.53e-03      +1.00e-04      +1.54e-03      +4.60e-03      +7.56e-03
                              -1.90e-03              -3.16e-03      -1.60e-04      -1.46e-03      -4.40e-03      -7.89e-03
  560   MSTW2008   4.13e-02   +1.79e-03  4.72e-02    +2.26e-03      +1.00e-04      +1.34e-03      +4.00e-03      +6.63e-03
                              -1.85e-03              -2.95e-03      -1.60e-04      -1.30e-03      -3.90e-03      -7.13e-03
  580   MSTW2008   3.65e-02   +1.58e-03  4.16e-02    +2.14e-03      +1.00e-04      +1.20e-03      +3.50e-03      +5.96e-03
                              -1.66e-03              -2.49e-03      -8.00e-05      -1.13e-03      -3.50e-03      -6.24e-03
  600   MSTW2008   3.23e-02   +1.45e-03  3.67e-02    +2.02e-03      +1.00e-04      +1.06e-03      +3.20e-03      +5.49e-03
                              -1.47e-03              -2.28e-03      -8.00e-05      -9.84e-04      -3.00e-03      -5.49e-03
  620   MSTW2008   2.86e-02   +1.42e-03  3.24e-02    +1.63e-03      +1.00e-04      +9.36e-04      +2.80e-03      +4.68e-03
                              -1.17e-03              -2.11e-03      -1.60e-04      -8.88e-04      -2.70e-03      -5.00e-03
  640   MSTW2008   2.55e-02   +1.08e-03  2.87e-02    +1.42e-03      +0.00e+00      +8.16e-04      +2.50e-03      +4.14e-03
                              -1.33e-03              -2.00e-03      -1.60e-04      -7.92e-04      -2.30e-03      -4.46e-03
  660   MSTW2008   2.27e-02   +1.01e-03  2.55e-02    +1.47e-03      +1.00e-04      +7.44e-04      +2.20e-03      +3.85e-03
                              -1.14e-03              -1.69e-03      -8.00e-05      -6.96e-04      -2.00e-03      -3.83e-03
  680   MSTW2008   2.02e-02   +1.01e-03  2.27e-02    +1.21e-03      +1.00e-04      +6.48e-04      +1.90e-03      +3.27e-03
                              -9.00e-04              -1.63e-03      -8.00e-05      -6.24e-04      -1.80e-03      -3.55e-03
  700   MSTW2008   1.81e-02   +8.06e-04  2.02e-02    +1.10e-03      +1.00e-04      +5.76e-04      +1.70e-03      +2.95e-03
                              -1.01e-03              -1.46e-03      -8.00e-05      -5.52e-04      -1.70e-03      -3.27e-03
  720   MSTW2008   1.62e-02   +6.86e-04  1.80e-02    +1.04e-03      +1.00e-04      +5.28e-04      +1.60e-03      +2.77e-03
                              -9.70e-04              -1.32e-03      -8.00e-05      -5.04e-04      -1.40e-03      -2.82e-03
  740   MSTW2008   1.45e-02   +7.00e-04  1.61e-02    +8.83e-04      +0.00e+00      +4.56e-04      +1.40e-03      +2.39e-03
                              -8.00e-04              -1.27e-03      -8.00e-05      -4.56e-04      -1.40e-03      -2.75e-03
  760   MSTW2008   1.30e-02   +6.40e-04  1.44e-02    +7.81e-04      +0.00e+00      +4.08e-04      +1.30e-03      +2.18e-03
                              -6.48e-04              -1.20e-03      -8.00e-05      -4.08e-04      -1.20e-03      -2.47e-03
  780   MSTW2008   1.17e-02   +5.66e-04  1.29e-02    +6.32e-04      +0.00e+00      +3.60e-04      +1.20e-03      +1.93e-03
                              -6.56e-04              -1.07e-03      -8.00e-05      -3.60e-04      -1.00e-03      -2.13e-03
  800   MSTW2008   1.05e-02   +5.92e-04  1.16e-02    +8.37e-04      +1.00e-04      +3.36e-04      +1.00e-03      +1.91e-03
                              -5.10e-04              -8.66e-04      -8.00e-05      -3.12e-04      -9.00e-04      -1.82e-03
  820   MSTW2008   9.48e-03   +5.05e-04  1.04e-02    +8.19e-04      +1.00e-04      +3.12e-04      +9.00e-04      +1.78e-03
                              -5.03e-04              -7.10e-04      -0.00e+00      -2.76e-04      -8.90e-04      -1.65e-03
  840   MSTW2008   8.56e-03   +4.58e-04  9.37e-03    +6.21e-04      +6.00e-05      +2.69e-04      +8.50e-04      +1.53e-03
                              -4.76e-04              -7.30e-04      -5.60e-05      -2.54e-04      -7.90e-04      -1.56e-03
  860   MSTW2008   7.73e-03   +4.31e-04  8.44e-03    +5.53e-04      +5.00e-05      +2.42e-04      +7.50e-04      +1.36e-03
                              -4.25e-04              -6.83e-04      -5.60e-05      -2.33e-04      -7.10e-04      -1.43e-03
  880   MSTW2008   7.00e-03   +3.76e-04  7.61e-03    +5.14e-04      +5.00e-05      +2.21e-04      +6.70e-04      +1.23e-03
                              -4.15e-04              -6.12e-04      -4.80e-05      -2.09e-04      -6.40e-04      -1.29e-03
  900   MSTW2008   6.34e-03   +3.50e-04  6.88e-03    +4.68e-04      +4.00e-05      +1.99e-04      +6.10e-04      +1.12e-03
                              -3.72e-04              -5.74e-04      -4.80e-05      -1.90e-04      -5.80e-04      -1.19e-03
  920   MSTW2008   5.75e-03   +3.21e-04  6.22e-03    +4.47e-04      +4.00e-05      +1.80e-04      +5.50e-04      +1.03e-03
                              -3.43e-04              -5.16e-04      -4.00e-05      -1.70e-04      -5.30e-04      -1.07e-03
  940   MSTW2008   5.22e-03   +2.94e-04  5.63e-03    +3.89e-04      +4.00e-05      +1.63e-04      +5.00e-04      +9.24e-04
                              -3.17e-04              -4.85e-04      -4.00e-05      -1.56e-04      -4.90e-04      -1.00e-03
  960   MSTW2008   4.74e-03   +2.84e-04  5.10e-03    +3.85e-04      +4.00e-05      +1.49e-04      +4.60e-04      +8.75e-04
                              -2.84e-04              -4.29e-04      -4.00e-05      -1.39e-04      -4.40e-04      -8.93e-04
  980   MSTW2008   4.31e-03   +2.72e-04  4.62e-03    +3.51e-04      +4.00e-05      +1.34e-04      +4.10e-04      +7.88e-04
                              -2.56e-04              -3.94e-04      -3.20e-05      -1.25e-04      -4.00e-04      -8.15e-04
 1000   MSTW2008   3.93e-03   +2.34e-04  4.20e-03    +3.24e-04      +4.00e-05      +1.22e-04      +3.80e-04      +7.28e-04
                              -2.49e-04              -3.63e-04      -3.20e-05      -1.15e-04      -3.70e-04      -7.53e-04
