13TeV
#############################################################
#############################################################
combined
#############################################################
NLO
#############################################################
7.43e-01,
6.15e-01,
5.14e-01,
4.32e-01,
3.63e-01,
3.08e-01,
2.62e-01,
2.23e-01,
1.91e-01,
1.64e-01,
1.41e-01,
1.21e-01,
1.05e-01,
9.13e-02,
7.95e-02,
6.94e-02,
6.06e-02,
5.32e-02,
4.68e-02,
4.11e-02,
3.63e-02,
3.21e-02,
2.85e-02,
2.54e-02,
2.25e-02,
2.00e-02,
1.80e-02,
1.60e-02,
1.44e-02,
1.30e-02,
1.17e-02,
1.04e-02,
9.43e-03,
8.52e-03,
7.69e-03,
6.95e-03,
6.28e-03,
5.69e-03,
5.16e-03,
4.68e-03,
4.25e-03,
#############################################################
combined total uncertainty -
#############################################################
,
,
,
,
,
,
file,
,
,
Combined-Results,
,
,
,
-1.20e-01,
-9.96e-02,
-8.19e-02,
-6.88e-02,
-5.93e-02,
-4.93e-02,
-4.11e-02,
-3.61e-02,
-3.06e-02,
-2.59e-02,
-2.24e-02,
-1.92e-02,
-1.67e-02,
-1.49e-02,
-1.29e-02,
-1.13e-02,
-1.00e-02,
-8.56e-03,
-7.60e-03,
-6.83e-03,
-5.93e-03,
-5.31e-03,
-4.67e-03,
-4.14e-03,
-3.74e-03,
-3.48e-03,
-3.00e-03,
-2.89e-03,
-2.58e-03,
-2.30e-03,
-2.08e-03,
-1.95e-03,
-1.77e-03,
-1.61e-03,
-1.48e-03,
-1.36e-03,
-1.26e-03,
-1.17e-03,
-1.07e-03,
-9.95e-04,
-9.24e-04,
#############################################################
combined total uncertainty +
#############################################################
+1.18e-01,
+9.76e-02,
+8.09e-02,
+6.78e-02,
+5.73e-02,
+4.83e-02,
+4.11e-02,
+3.51e-02,
+2.96e-02,
+2.59e-02,
+2.24e-02,
+1.92e-02,
+1.69e-02,
+1.47e-02,
+1.29e-02,
+1.13e-02,
+9.90e-03,
+8.76e-03,
+7.70e-03,
+6.83e-03,
+6.13e-03,
+5.41e-03,
+4.87e-03,
+4.34e-03,
+3.84e-03,
+3.48e-03,
+3.20e-03,
+2.89e-03,
+2.68e-03,
+2.50e-03,
+2.18e-03,
+1.96e-03,
+1.83e-03,
+1.65e-03,
+1.51e-03,
+1.39e-03,
+1.28e-03,
+1.18e-03,
+1.09e-03,
+1.01e-03,
+9.34e-04,
#############################################################
#############################################################
#############################################################
CT10
#############################################################
CT10 NLO
#############################################################
7.23e-01,
6.00e-01,
5.00e-01,
4.20e-01,
3.55e-01,
3.00e-01,
2.55e-01,
2.18e-01,
1.86e-01,
1.60e-01,
1.38e-01,
1.19e-01,
1.03e-01,
8.98e-02,
7.82e-02,
6.83e-02,
5.99e-02,
5.25e-02,
4.62e-02,
4.08e-02,
3.60e-02,
3.19e-02,
2.83e-02,
2.51e-02,
2.24e-02,
2.00e-02,
1.78e-02,
1.60e-02,
1.43e-02,
1.28e-02,
1.15e-02,
1.04e-02,
9.35e-03,
8.43e-03,
7.62e-03,
6.89e-03,
6.24e-03,
5.66e-03,
5.13e-03,
4.66e-03,
4.24e-03,
#############################################################
CT10 total uncertainty -
#############################################################
,
,
,
,
,
NLO,
,
-1.01e-01,
-8.44e-02,
-6.76e-02,
-5.70e-02,
-5.09e-02,
-4.13e-02,
-3.43e-02,
-3.14e-02,
-2.57e-02,
-2.23e-02,
-1.97e-02,
-1.67e-02,
-1.45e-02,
-1.34e-02,
-1.16e-02,
-1.02e-02,
-9.27e-03,
-7.83e-03,
-7.03e-03,
-6.50e-03,
-5.61e-03,
-5.10e-03,
-4.51e-03,
-3.87e-03,
-3.61e-03,
-3.44e-03,
-2.80e-03,
-2.87e-03,
-2.49e-03,
-2.14e-03,
-1.92e-03,
-1.93e-03,
-1.69e-03,
-1.53e-03,
-1.40e-03,
-1.28e-03,
-1.17e-03,
-1.09e-03,
-9.81e-04,
-8.96e-04,
-8.38e-04,
#############################################################
CT10 total uncertainty +
#############################################################
+1.00e-01,
+8.28e-02,
+7.17e-02,
+6.07e-02,
+4.93e-02,
+4.38e-02,
+3.74e-02,
+3.05e-02,
+2.79e-02,
+2.38e-02,
+2.07e-02,
+1.82e-02,
+1.66e-02,
+1.39e-02,
+1.25e-02,
+1.10e-02,
+9.53e-03,
+8.82e-03,
+7.81e-03,
+6.79e-03,
+6.32e-03,
+5.55e-03,
+5.03e-03,
+4.61e-03,
+3.97e-03,
+3.52e-03,
+3.41e-03,
+2.91e-03,
+2.78e-03,
+2.66e-03,
+2.35e-03,
+1.99e-03,
+1.90e-03,
+1.74e-03,
+1.57e-03,
+1.45e-03,
+1.32e-03,
+1.21e-03,
+1.12e-03,
+1.03e-03,
+9.48e-04,
#############################################################
#############################################################
#############################################################
MSTW
#############################################################
MSTW NLO
#############################################################
alphas(MZ)=0.120/0.139,
for,
for,
MSTW2008,
*,
7.49e-01,
6.21e-01,
5.18e-01,
4.35e-01,
3.67e-01,
3.10e-01,
2.64e-01,
2.25e-01,
1.92e-01,
1.65e-01,
1.42e-01,
1.23e-01,
1.06e-01,
9.21e-02,
8.02e-02,
7.00e-02,
6.12e-02,
5.37e-02,
4.72e-02,
4.16e-02,
3.67e-02,
3.24e-02,
2.87e-02,
2.55e-02,
2.27e-02,
2.02e-02,
1.80e-02,
1.61e-02,
1.44e-02,
1.29e-02,
1.16e-02,
1.04e-02,
9.37e-03,
8.44e-03,
7.61e-03,
6.88e-03,
6.22e-03,
5.63e-03,
5.10e-03,
4.62e-03,
4.20e-03,
#############################################################
MSTW total uncertainty -
#############################################################
,
,
,
,
,
,
-1.06e-01,
-8.91e-02,
-7.23e-02,
-6.10e-02,
-5.29e-02,
-4.52e-02,
-3.73e-02,
-3.16e-02,
-2.86e-02,
-2.22e-02,
-1.99e-02,
-1.72e-02,
-1.41e-02,
-1.36e-02,
-1.19e-02,
-1.02e-02,
-9.30e-03,
-7.89e-03,
-7.13e-03,
-6.24e-03,
-5.49e-03,
-5.00e-03,
-4.46e-03,
-3.83e-03,
-3.55e-03,
-3.27e-03,
-2.82e-03,
-2.75e-03,
-2.47e-03,
-2.13e-03,
-1.82e-03,
-1.65e-03,
-1.56e-03,
-1.43e-03,
-1.29e-03,
-1.19e-03,
-1.07e-03,
-1.00e-03,
-8.93e-04,
-8.15e-04,
-7.53e-04,
#############################################################
MSTW total uncertainty +
#############################################################
with,
,
,
,
,
+1.02e-01,
+8.33e-02,
+7.03e-02,
+5.85e-02,
+4.83e-02,
+4.01e-02,
+3.55e-02,
+2.95e-02,
+2.43e-02,
+2.25e-02,
+2.01e-02,
+1.58e-02,
+1.58e-02,
+1.24e-02,
+1.09e-02,
+9.75e-03,
+8.30e-03,
+7.56e-03,
+6.63e-03,
+5.96e-03,
+5.49e-03,
+4.68e-03,
+4.14e-03,
+3.85e-03,
+3.27e-03,
+2.95e-03,
+2.77e-03,
+2.39e-03,
+2.18e-03,
+1.93e-03,
+1.91e-03,
+1.78e-03,
+1.53e-03,
+1.36e-03,
+1.23e-03,
+1.12e-03,
+1.03e-03,
+9.24e-04,
+8.75e-04,
+7.88e-04,
+7.28e-04,
#############################################################
#############################################################
#############################################################
NNPDF
#############################################################
NNPDF NLO
#############################################################
*,
7.58e-01,
6.28e-01,
5.25e-01,
4.41e-01,
3.72e-01,
3.14e-01,
2.67e-01,
2.28e-01,
1.95e-01,
1.67e-01,
1.44e-01,
1.24e-01,
1.07e-01,
9.30e-02,
8.09e-02,
7.06e-02,
6.17e-02,
5.40e-02,
4.75e-02,
4.18e-02,
3.68e-02,
3.25e-02,
2.88e-02,
2.55e-02,
2.27e-02,
2.02e-02,
1.80e-02,
1.60e-02,
1.43e-02,
1.28e-02,
1.15e-02,
1.03e-02,
9.25e-03,
8.32e-03,
7.49e-03,
6.76e-03,
6.10e-03,
5.51e-03,
4.98e-03,
4.51e-03,
4.09e-03,
#############################################################
NNPDF total uncertainty -
#############################################################
,
,
,
,
,
,
-1.05e-01,
-8.63e-02,
-7.13e-02,
-5.99e-02,
-5.12e-02,
-4.29e-02,
-3.59e-02,
-3.13e-02,
-2.69e-02,
-2.27e-02,
-1.96e-02,
-1.67e-02,
-1.47e-02,
-1.32e-02,
-1.15e-02,
-1.01e-02,
-8.94e-03,
-7.75e-03,
-6.91e-03,
-6.20e-03,
-5.43e-03,
-4.90e-03,
-4.28e-03,
-3.79e-03,
-3.42e-03,
-3.17e-03,
-2.74e-03,
-2.61e-03,
-2.31e-03,
-2.01e-03,
-1.82e-03,
-1.73e-03,
-1.56e-03,
-1.41e-03,
-1.29e-03,
-1.17e-03,
-1.07e-03,
-9.90e-04,
-9.00e-04,
-8.23e-04,
-7.60e-04,
#############################################################
NNPDF total uncertainty +
#############################################################
,
+1.03e-01,
+8.43e-02,
+7.03e-02,
+5.89e-02,
+4.92e-02,
+4.19e-02,
+3.59e-02,
+3.03e-02,
+2.59e-02,
+2.27e-02,
+1.96e-02,
+1.67e-02,
+1.49e-02,
+1.30e-02,
+1.15e-02,
+1.01e-02,
+8.84e-03,
+7.95e-03,
+7.01e-03,
+6.20e-03,
+5.63e-03,
+5.00e-03,
+4.48e-03,
+3.99e-03,
+3.52e-03,
+3.17e-03,
+2.94e-03,
+2.61e-03,
+2.41e-03,
+2.21e-03,
+1.92e-03,
+1.74e-03,
+1.62e-03,
+1.45e-03,
+1.32e-03,
+1.20e-03,
+1.09e-03,
+1.00e-03,
+9.20e-04,
+8.33e-04,
+7.70e-04,
#############################################################
#############################################################
#############################################################
scale
#############################################################
, ,
, ,
13TeV, *,
, ,
, ,
sigma_scale_nlo+, sigma_scale_nlo-,
, ,
+7.10e-02, -7.30e-02,
+5.70e-02, -5.90e-02,
+4.70e-02, -4.80e-02,
+3.90e-02, -4.00e-02,
+3.20e-02, -3.40e-02,
+2.70e-02, -2.80e-02,
+2.30e-02, -2.30e-02,
+1.90e-02, -2.00e-02,
+1.60e-02, -1.70e-02,
+1.40e-02, -1.40e-02,
+1.20e-02, -1.20e-02,
+1.00e-02, -1.00e-02,
+9.00e-03, -8.80e-03,
+7.70e-03, -7.90e-03,
+6.80e-03, -6.80e-03,
+5.90e-03, -5.90e-03,
+5.10e-03, -5.20e-03,
+4.60e-03, -4.40e-03,
+4.00e-03, -3.90e-03,
+3.50e-03, -3.50e-03,
+3.20e-03, -3.00e-03,
+2.80e-03, -2.70e-03,
+2.50e-03, -2.30e-03,
+2.20e-03, -2.00e-03,
+1.90e-03, -1.80e-03,
+1.70e-03, -1.70e-03,
+1.60e-03, -1.40e-03,
+1.40e-03, -1.40e-03,
+1.30e-03, -1.20e-03,
+1.20e-03, -1.00e-03,
+1.00e-03, -9.00e-04,
+9.00e-04, -8.90e-04,
+8.50e-04, -7.90e-04,
+7.50e-04, -7.10e-04,
+6.70e-04, -6.40e-04,
+6.10e-04, -5.80e-04,
+5.50e-04, -5.30e-04,
+5.00e-04, -4.90e-04,
+4.60e-04, -4.40e-04,
+4.10e-04, -4.00e-04,
+3.80e-04, -3.70e-04,
#############################################################
