MH    ENV(+)        CT10(+)       MSTW(+)        NNPDF23(+)    ENV(-)        CT10(-)       MSTW(-)       NNPDF23(-)        <ENV> 
200    2.1222E-01    1.9792E-01    2.1222E-01    2.1127E-01    1.9345E-01    1.9792E-01    1.9718E-01    1.9345E-01    2.0283E-01
220    1.7122E-01    1.5940E-01    1.7122E-01    1.7061E-01    1.5494E-01    1.5940E-01    1.5812E-01    1.5494E-01    1.6308E-01
240    1.3939E-01    1.2965E-01    1.3939E-01    1.3850E-01    1.2563E-01    1.2965E-01    1.2860E-01    1.2563E-01    1.3251E-01
260    1.1464E-01    1.0591E-01    1.1464E-01    1.1339E-01    1.0233E-01    1.0591E-01    1.0489E-01    1.0233E-01    1.0849E-01
280    9.4802E-02    8.6879E-02    9.4802E-02    9.2706E-02    8.3394E-02    8.6879E-02    8.5776E-02    8.3394E-02    8.9098E-02
300    7.7976E-02    7.2032E-02    7.7976E-02    7.6521E-02    6.8539E-02    7.2032E-02    7.0232E-02    6.8539E-02    7.3257E-02
320    6.4819E-02    5.9746E-02    6.4819E-02    6.3369E-02    5.6488E-02    5.9746E-02    5.7867E-02    5.6488E-02    6.0654E-02
340    5.4248E-02    4.9785E-02    5.4248E-02    5.2655E-02    4.6769E-02    4.9785E-02    4.7859E-02    4.6769E-02    5.0508E-02
360    4.5459E-02    4.1556E-02    4.5459E-02    4.3792E-02    3.8717E-02    4.1556E-02    3.9590E-02    3.8717E-02    4.2088E-02
380    3.8285E-02    3.4832E-02    3.8285E-02    3.6599E-02    3.2223E-02    3.4832E-02    3.2901E-02    3.2223E-02    3.5254E-02
400    3.2335E-02    2.9291E-02    3.2335E-02    3.0572E-02    2.6823E-02    2.9291E-02    2.7446E-02    2.6823E-02    2.9579E-02
420    2.7426E-02    2.4758E-02    2.7426E-02    2.5986E-02    2.2297E-02    2.4758E-02    2.2903E-02    2.2297E-02    2.4862E-02
440    2.3381E-02    2.0963E-02    2.3381E-02    2.1779E-02    1.8947E-02    2.0963E-02    1.9237E-02    1.8947E-02    2.1164E-02
460    1.9943E-02    1.7778E-02    1.9943E-02    1.8406E-02    1.5944E-02    1.7778E-02    1.6107E-02    1.5944E-02    1.7943E-02
480    1.7057E-02    1.4639E-02    1.7057E-02    1.5678E-02    1.3479E-02    1.4639E-02    1.3479E-02    1.3540E-02    1.5268E-02
500    1.4674E-02    1.2906E-02    1.4674E-02    1.3260E-02    1.1360E-02    1.2906E-02    1.1360E-02    1.1405E-02    1.3017E-02
520    1.2626E-02    1.1039E-02    1.2626E-02    1.1335E-02    9.5653E-03    1.1039E-02    9.5653E-03    9.7137E-03    1.1095E-02
540    1.1016E-02    9.4442E-03    1.1016E-02    9.7046E-03    8.1014E-03    9.4442E-03    8.1014E-03    8.2814E-03    9.5586E-03
560    9.5352E-03    8.1583E-03    9.5352E-03    8.3294E-03    6.8489E-03    8.1583E-03    6.8489E-03    7.0773E-03    8.1920E-03
580    8.3338E-03    7.0468E-03    8.3338E-03    7.1723E-03    5.8144E-03    7.0468E-03    5.8144E-03    6.0387E-03    7.0741E-03
600    7.3285E-03    6.1429E-03    7.3285E-03    6.6424E-03    4.9569E-03    6.1429E-03    4.9569E-03    5.6336E-03    6.1427E-03
620    6.4456E-03    5.3203E-03    6.4456E-03    5.7478E-03    4.2060E-03    5.3203E-03    4.2060E-03    4.8592E-03    5.3258E-03
640    5.6601E-03    4.6217E-03    5.6601E-03    4.9843E-03    3.5830E-03    4.6217E-03    3.5830E-03    4.1983E-03    4.6215E-03
660    4.9661E-03    4.0208E-03    4.9661E-03    4.3331E-03    2.9704E-03    4.0208E-03    2.9704E-03    3.6367E-03    3.9682E-03
680    4.3399E-03    3.4978E-03    4.3399E-03    3.7787E-03    2.5097E-03    3.4978E-03    2.5097E-03    3.1589E-03    3.4248E-03
700    3.7984E-03    3.0508E-03    3.7984E-03    3.2950E-03    2.2390E-03    3.0508E-03    2.2390E-03    2.7370E-03    3.0187E-03
720    3.4155E-03    2.6685E-03    3.4155E-03    2.8724E-03    1.8570E-03    2.6685E-03    1.8570E-03    2.3819E-03    2.6362E-03
740    2.9517E-03    2.3384E-03    2.9517E-03    2.5071E-03    1.7076E-03    2.3384E-03    1.7076E-03    2.0733E-03    2.3296E-03
760    2.7192E-03    2.0442E-03    2.7192E-03    2.1929E-03    1.4360E-03    2.0442E-03    1.4360E-03    1.8084E-03    2.0776E-03
780    2.3265E-03    1.7966E-03    2.3265E-03    1.9231E-03    1.1000E-03    1.7966E-03    1.1000E-03    1.5833E-03    1.7133E-03
800    2.0023E-03    1.5805E-03    2.0023E-03    1.6967E-03    9.2104E-04    1.5805E-03    9.2104E-04    1.3803E-03    1.4617E-03
820    1.7846E-03    1.3938E-03    1.7846E-03    1.4928E-03    7.7838E-04    1.3938E-03    7.7838E-04    1.2181E-03    1.2815E-03
840    1.5635E-03    1.2330E-03    1.5635E-03    1.3123E-03    6.7620E-04    1.2330E-03    6.7620E-04    1.0656E-03    1.1198E-03
860    1.4629E-03    1.0848E-03    1.4629E-03    1.1576E-03    6.2320E-04    1.0848E-03    6.2320E-04    9.3509E-04    1.0431E-03
880    1.3617E-03    9.5849E-04    1.3617E-03    1.0326E-03    5.1622E-04    9.5849E-04    5.1622E-04    8.1484E-04    9.3896E-04
900    1.2010E-03    8.5415E-04    1.2010E-03    9.0123E-04    4.0675E-04    8.5415E-04    4.0675E-04    7.2948E-04    8.0388E-04
920    1.0601E-03    7.5591E-04    1.0601E-03    8.1840E-04    3.6563E-04    7.5591E-04    3.6563E-04    6.2508E-04    7.1289E-04
940    9.4790E-04    6.7300E-04    9.4790E-04    7.1016E-04    2.9179E-04    6.7300E-04    2.9179E-04    5.6675E-04    6.1985E-04
960    8.7874E-04    5.9618E-04    8.7874E-04    6.3039E-04    2.7071E-04    5.9618E-04    2.7071E-04    4.9759E-04    5.7472E-04
980    8.2443E-04    5.3048E-04    8.2443E-04    5.5983E-04    2.3969E-04    5.3048E-04    2.3969E-04    4.4244E-04    5.3206E-04
1000    7.1189E-04    4.7143E-04    7.1189E-04    5.0002E-04    2.2191E-04    4.7143E-04    2.2191E-04    3.8945E-04    4.6690E-04
1200    2.1979E-04    1.5588E-04    2.1979E-04    1.5989E-04    8.1745E-05    1.5588E-04    8.1745E-05    1.2242E-04    1.5077E-04
1400    9.3678E-05    5.5362E-05    9.3678E-05    5.5197E-05    2.4083E-05    5.5362E-05    2.4083E-05    4.1266E-05    5.8880E-05
