WARNING: Using CT10-pdf-error from nlo for lo also.
WARNING: No LO alphas+pdf-error for CT10.
ATTENTION: Combined errors for CT10
    Using alphas + pdf-error as combined error for CT10, since no
    mb-error is available for CT10.


***************************************
*  CT10-Results for  8TeV             *
***************************************

  M_H    pdf-set         LO       NLO      pdf_error       as_error       scale_var     total_error
--------------------------------------------------------------------------------------------------------
  200       CT10   1.53e-01   1.89e-01     +1.29e-02       +1.20e-03       +1.80e-02       +3.09e-02
                                           -1.12e-02       -1.20e-03       -1.80e-02       -2.92e-02
  220       CT10   1.25e-01   1.53e-01     +1.06e-02       +1.20e-03       +1.40e-02       +2.47e-02
                                           -9.52e-03       -1.20e-03       -1.50e-02       -2.46e-02
  240       CT10   1.01e-01   1.25e-01     +8.77e-03       +1.20e-03       +1.10e-02       +1.98e-02
                                           -8.53e-03       -1.20e-03       -1.20e-02       -2.06e-02
  260       CT10   8.30e-02   1.02e-01     +8.96e-03       +1.20e-03       +1.00e-02       +1.90e-02
                                           -6.15e-03       -0.00e+00       -9.00e-03       -1.51e-02
  280       CT10   6.82e-02   8.45e-02     +6.97e-03       +8.40e-04       +7.80e-03       +1.48e-02
                                           -6.12e-03       -7.20e-04       -7.70e-03       -1.39e-02
  300       CT10   5.62e-02   7.00e-02     +5.98e-03       +7.20e-04       +6.50e-03       +1.25e-02
                                           -5.22e-03       -6.00e-04       -6.30e-03       -1.16e-02
  320       CT10   4.65e-02   5.82e-02     +5.19e-03       +6.00e-04       +5.40e-03       +1.06e-02
                                           -4.48e-03       -4.80e-04       -5.20e-03       -9.70e-03
  340       CT10   3.87e-02   4.86e-02     +4.50e-03       +4.80e-04       +4.50e-03       +9.02e-03
                                           -3.88e-03       -4.80e-04       -4.30e-03       -8.21e-03
  360       CT10   3.23e-02   4.07e-02     +3.98e-03       +4.80e-04       +3.80e-03       +7.81e-03
                                           -3.31e-03       -3.60e-04       -3.50e-03       -6.83e-03
  380       CT10   2.70e-02   3.42e-02     +3.53e-03       +4.80e-04       +3.20e-03       +6.77e-03
                                           -2.84e-03       -2.40e-04       -2.90e-03       -5.75e-03
  400       CT10   2.27e-02   2.89e-02     +2.99e-03       +3.60e-04       +2.70e-03       +5.71e-03
                                           -2.58e-03       -3.60e-04       -2.50e-03       -5.11e-03
  420       CT10   1.91e-02   2.45e-02     +2.60e-03       +2.40e-04       +2.20e-03       +4.81e-03
                                           -2.36e-03       -3.60e-04       -2.10e-03       -4.49e-03
  440       CT10   1.61e-02   2.08e-02     +2.29e-03       +2.40e-04       +1.90e-03       +4.20e-03
                                           -2.04e-03       -2.40e-04       -1.80e-03       -3.86e-03
  460       CT10   1.37e-02   1.77e-02     +2.05e-03       +2.40e-04       +1.60e-03       +3.66e-03
                                           -1.76e-03       -2.40e-04       -1.50e-03       -3.27e-03
  480       CT10   1.16e-02   1.51e-02     +1.85e-03       +2.40e-04       +1.40e-03       +3.26e-03
                                           -1.48e-03       -2.40e-04       -1.30e-03       -2.80e-03
  500       CT10   9.90e-03   1.29e-02     +1.67e-03       +2.40e-04       +1.30e-03       +2.99e-03
                                           -1.27e-03       -1.20e-04       -1.10e-03       -2.37e-03
  520       CT10   8.46e-03   1.11e-02     +1.48e-03       +2.40e-04       +1.10e-03       +2.60e-03
                                           -1.16e-03       -1.20e-04       -9.00e-04       -2.06e-03
  540       CT10   7.24e-03   9.57e-03     +1.27e-03       +1.56e-04       +9.30e-04       +2.21e-03
                                           -1.06e-03       -1.44e-04       -8.30e-04       -1.90e-03
  560       CT10   6.22e-03   8.25e-03     +1.14e-03       +1.56e-04       +7.80e-04       +1.93e-03
                                           -9.19e-04       -1.20e-04       -7.10e-04       -1.64e-03
  580       CT10   5.35e-03   7.14e-03     +1.01e-03       +1.32e-04       +6.70e-04       +1.69e-03
                                           -8.31e-04       -1.20e-04       -6.20e-04       -1.46e-03
  600       CT10   4.61e-03   6.19e-03     +8.96e-04       +1.20e-04       +5.80e-04       +1.48e-03
                                           -7.39e-04       -1.08e-04       -5.50e-04       -1.30e-03
  620       CT10   3.97e-03   5.37e-03     +8.08e-04       +1.08e-04       +5.00e-04       +1.31e-03
                                           -6.49e-04       -9.60e-05       -4.70e-04       -1.13e-03
  640       CT10   3.44e-03   4.67e-03     +7.30e-04       +1.08e-04       +4.40e-04       +1.18e-03
                                           -5.71e-04       -8.40e-05       -4.10e-04       -9.87e-04
  660       CT10   2.98e-03   4.07e-03     +6.59e-04       +9.60e-05       +3.90e-04       +1.06e-03
                                           -5.06e-04       -7.20e-05       -3.60e-04       -8.72e-04
  680       CT10   2.59e-03   3.56e-03     +5.84e-04       +8.40e-05       +3.30e-04       +9.20e-04
                                           -4.61e-04       -7.20e-05       -3.20e-04       -7.87e-04
  700       CT10   2.25e-03   3.11e-03     +5.35e-04       +8.40e-05       +3.00e-04       +8.42e-04
                                           -4.01e-04       -6.00e-05       -2.80e-04       -6.85e-04
  720       CT10   1.96e-03   2.73e-03     +4.74e-04       +7.20e-05       +2.60e-04       +7.40e-04
                                           -3.66e-04       -6.00e-05       -2.50e-04       -6.21e-04
  740       CT10   1.71e-03   2.40e-03     +4.28e-04       +6.00e-05       +2.20e-04       +6.52e-04
                                           -3.39e-04       -4.80e-05       -2.20e-04       -5.62e-04
  760       CT10   1.50e-03   2.11e-03     +3.86e-04       +4.80e-05       +2.00e-04       +5.89e-04
                                           -2.99e-04       -4.80e-05       -1.90e-04       -4.93e-04
  780       CT10   1.31e-03   1.86e-03     +3.50e-04       +4.80e-05       +1.70e-04       +5.23e-04
                                           -2.75e-04       -4.80e-05       -1.70e-04       -4.49e-04
  800       CT10   1.15e-03   1.64e-03     +3.14e-04       +4.80e-05       +1.50e-04       +4.68e-04
                                           -2.42e-04       -3.60e-05       -1.50e-04       -3.94e-04
  820       CT10   1.01e-03   1.45e-03     +2.82e-04       +3.60e-05       +1.30e-04       +4.14e-04
                                           -2.26e-04       -3.60e-05       -1.40e-04       -3.68e-04
  840       CT10   8.86e-04   1.28e-03     +2.64e-04       +3.60e-05       +1.20e-04       +3.87e-04
                                           -1.95e-04       -3.60e-05       -1.20e-04       -3.18e-04
  860       CT10   7.80e-04   1.13e-03     +2.47e-04       +3.60e-05       +1.10e-04       +3.59e-04
                                           -1.68e-04       -2.40e-05       -1.00e-04       -2.69e-04
  880       CT10   6.87e-04   1.01e-03     +2.10e-04       +2.40e-05       +9.00e-05       +3.02e-04
                                           -1.68e-04       -3.12e-05       -9.90e-05       -2.70e-04
  900       CT10   6.06e-04   8.93e-04     +1.95e-04       +2.76e-05       +8.30e-05       +2.80e-04
                                           -1.44e-04       -2.40e-05       -8.40e-05       -2.30e-04
  920       CT10   5.35e-04   7.94e-04     +1.78e-04       +2.52e-05       +7.40e-05       +2.53e-04
                                           -1.30e-04       -2.16e-05       -7.60e-05       -2.08e-04
  940       CT10   4.73e-04   7.07e-04     +1.64e-04       +2.28e-05       +6.50e-05       +2.30e-04
                                           -1.18e-04       -2.04e-05       -6.80e-05       -1.88e-04
  960       CT10   4.19e-04   6.30e-04     +1.49e-04       +2.04e-05       +5.80e-05       +2.09e-04
                                           -1.07e-04       -1.92e-05       -6.10e-05       -1.70e-04
  980       CT10   3.71e-04   5.62e-04     +1.36e-04       +1.92e-05       +5.20e-05       +1.90e-04
                                           -9.75e-05       -1.68e-05       -5.40e-05       -1.53e-04
 1000       CT10   3.29e-04   5.02e-04     +1.24e-04       +1.68e-05       +4.60e-05       +1.72e-04
                                           -8.87e-05       -1.56e-05       -4.90e-05       -1.39e-04
