WARNING: Using pdf-error from alphas(MZ)=0.120/0.139 from MSTW for calculation with alphas(MZ)=0.118
WARNING: No LO alphas+pdf-error for MSTW2008.
X 0
WARNING: No LO mb+pdf-error for MSTW.
X 0
X 0
X 0
X 0
X 0
X 0
X 0
X 0
X 0
X 0
X 0
X 0
X 0
X 0
X 0
X 0
X 0
X 0
X 0
X 0
X 0
X 0
X 0
X 0
X 0
X 0
X 0
X 0
X 0
X 0
X 0
X 0
X 0
X 0
X 0
X 0
X 0
X 0
X 0
X 0
ATTENTION: Combined errors for MSTW2008
    Using mb + pdf + alphas-error added in quadrature.


***************************************
*  MSTW2008-Results for  8TeV         *
***************************************

  M_H    pdf-set         LO    pdf_error      NLO    pdf_error       as_error       mb_error      scale_var    total_error
--------------------------------------------------------------------------------------------------------------------------
  200   MSTW2008   1.69e-01   +5.48e-03  1.95e-01    +9.38e-03      +1.00e-03      +5.52e-03      +1.80e-02      +2.89e-02
                              -8.19e-03              -9.75e-03      -8.00e-04      -5.04e-03      -1.80e-02      -2.90e-02
  220   MSTW2008   1.38e-01   +5.66e-03  1.57e-01    +6.48e-03      +0.00e+00      +4.32e-03      +1.40e-02      +2.18e-02
                              -6.40e-03              -1.01e-02      -8.00e-04      -4.32e-03      -1.50e-02      -2.61e-02
  240   MSTW2008   1.13e-01   +5.10e-03  1.28e-01    +7.07e-03      +1.00e-03      +3.60e-03      +1.10e-02      +1.90e-02
                              -4.12e-03              -6.86e-03      -0.00e+00      -3.36e-03      -1.20e-02      -1.96e-02
  260   MSTW2008   9.34e-02   +4.01e-03  1.05e-01    +4.90e-03      +1.00e-03      +2.88e-03      +1.00e-02      +1.58e-02
                              -4.06e-03              -6.08e-03      -8.00e-04      -2.78e-03      -9.00e-03      -1.57e-02
  280   MSTW2008   7.74e-02   +3.22e-03  8.64e-02    +4.28e-03      +4.00e-04      +2.42e-03      +7.80e-03      +1.27e-02
                              -3.61e-03              -5.45e-03      -5.60e-04      -2.30e-03      -7.70e-03      -1.36e-02
  300   MSTW2008   6.43e-02   +2.90e-03  7.14e-02    +3.88e-03      +4.00e-04      +2.02e-03      +6.50e-03      +1.09e-02
                              -2.96e-03              -4.67e-03      -4.80e-04      -1.90e-03      -6.30e-03      -1.14e-02
  320   MSTW2008   5.37e-02   +2.48e-03  5.93e-02    +3.19e-03      +3.00e-04      +1.68e-03      +5.40e-03      +9.02e-03
                              -2.55e-03              -4.03e-03      -4.00e-04      -1.58e-03      -5.20e-03      -9.55e-03
  340   MSTW2008   4.50e-02   +2.09e-03  4.94e-02    +2.73e-03      +3.00e-04      +1.39e-03      +4.50e-03      +7.58e-03
                              -2.26e-03              -3.44e-03      -3.20e-04      -1.32e-03      -4.30e-03      -8.00e-03
  360   MSTW2008   3.78e-02   +1.89e-03  4.13e-02    +2.44e-03      +3.00e-04      +1.18e-03      +3.80e-03      +6.52e-03
                              -1.81e-03              -2.93e-03      -3.20e-04      -1.10e-03      -3.50e-03      -6.65e-03
  380   MSTW2008   3.19e-02   +1.66e-03  3.47e-02    +2.09e-03      +2.00e-04      +9.84e-04      +3.20e-03      +5.52e-03
                              -1.62e-03              -2.59e-03      -2.40e-04      -9.36e-04      -2.90e-03      -5.66e-03
  400   MSTW2008   2.70e-02   +1.49e-03  2.92e-02    +1.72e-03      +2.00e-04      +8.16e-04      +2.70e-03      +4.61e-03
                              -1.39e-03              -2.28e-03      -2.40e-04      -7.92e-04      -2.50e-03      -4.92e-03
  420   MSTW2008   2.29e-02   +1.39e-03  2.47e-02    +1.46e-03      +2.00e-04      +6.96e-04      +2.20e-03      +3.83e-03
                              -1.14e-03              -1.99e-03      -2.40e-04      -6.72e-04      -2.10e-03      -4.22e-03
  440   MSTW2008   1.95e-02   +1.23e-03  2.09e-02    +1.23e-03      +1.00e-04      +5.76e-04      +1.90e-03      +3.26e-03
                              -9.70e-04              -1.81e-03      -2.40e-04      -5.76e-04      -1.80e-03      -3.72e-03
  460   MSTW2008   1.67e-02   +9.11e-04  1.78e-02    +1.11e-03      +1.00e-04      +5.04e-04      +1.60e-03      +2.82e-03
                              -9.59e-04              -1.52e-03      -1.60e-04      -4.80e-04      -1.50e-03      -3.10e-03
  480   MSTW2008   1.43e-02   +8.60e-04  1.51e-02    +1.04e-03      +2.00e-04      +4.32e-04      +1.40e-03      +2.55e-03
                              -8.54e-04              -1.22e-03      -1.60e-04      -4.08e-04      -1.30e-03      -2.60e-03
  500   MSTW2008   1.23e-02   +7.14e-04  1.29e-02    +8.19e-04      +1.00e-04      +3.60e-04      +1.30e-03      +2.20e-03
                              -8.12e-04              -1.20e-03      -1.60e-04      -3.60e-04      -1.10e-03      -2.36e-03
  520   MSTW2008   1.06e-02   +5.66e-04  1.11e-02    +7.87e-04      +1.00e-04      +3.12e-04      +1.10e-03      +1.95e-03
                              -7.07e-04              -9.80e-04      -1.60e-04      -3.12e-04      -9.00e-04      -1.94e-03
  540   MSTW2008   9.13e-03   +5.58e-04  9.50e-03    +6.84e-04      +1.10e-04      +2.64e-04      +9.30e-04      +1.67e-03
                              -5.62e-04              -8.48e-04      -1.04e-04      -2.57e-04      -8.30e-04      -1.72e-03
  560   MSTW2008   7.90e-03   +4.93e-04  8.18e-03    +6.46e-04      +1.00e-04      +2.35e-04      +7.80e-04      +1.48e-03
                              -5.05e-04              -7.34e-04      -8.80e-05      -2.21e-04      -7.10e-04      -1.48e-03
  580   MSTW2008   6.85e-03   +4.30e-04  7.05e-03    +5.67e-04      +9.00e-05      +2.02e-04      +6.70e-04      +1.28e-03
                              -4.47e-04              -6.65e-04      -8.00e-05      -1.92e-04      -6.20e-04      -1.32e-03
  600   MSTW2008   5.95e-03   +3.90e-04  6.09e-03    +4.87e-04      +7.00e-05      +1.73e-04      +5.80e-04      +1.10e-03
                              -3.92e-04              -5.98e-04      -8.00e-05      -1.66e-04      -5.50e-04      -1.18e-03
  620   MSTW2008   5.17e-03   +3.47e-04  5.27e-03    +4.44e-04      +7.00e-05      +1.51e-04      +5.00e-04      +9.74e-04
                              -3.51e-04              -5.18e-04      -6.40e-05      -1.44e-04      -4.70e-04      -1.01e-03
  640   MSTW2008   4.51e-03   +2.99e-04  4.58e-03    +3.92e-04      +6.00e-05      +1.32e-04      +4.40e-04      +8.58e-04
                              -3.14e-04              -4.58e-04      -5.60e-05      -1.25e-04      -4.10e-04      -8.88e-04
  660   MSTW2008   3.94e-03   +2.74e-04  3.98e-03    +3.52e-04      +6.00e-05      +1.15e-04      +3.90e-04      +7.65e-04
                              -2.78e-04              -4.06e-04      -5.60e-05      -1.08e-04      -3.60e-04      -7.84e-04
  680   MSTW2008   3.45e-03   +2.40e-04  3.46e-03    +3.01e-04      +5.00e-05      +9.84e-05      +3.30e-04      +6.50e-04
                              -2.57e-04              -3.67e-04      -4.80e-05      -9.60e-05      -3.20e-04      -7.03e-04
  700   MSTW2008   3.02e-03   +2.30e-04  3.02e-03    +2.95e-04      +5.00e-05      +8.88e-05      +3.00e-04      +6.12e-04
                              -2.14e-04              -3.07e-04      -4.00e-05      -8.16e-05      -2.80e-04      -6.00e-04
  720   MSTW2008   2.65e-03   +2.07e-04  2.64e-03    +2.67e-04      +5.00e-05      +7.68e-05      +2.60e-04      +5.42e-04
                              -1.84e-04              -2.68e-04      -3.20e-05      -7.20e-05      -2.50e-04      -5.29e-04
  740   MSTW2008   2.33e-03   +1.92e-04  2.31e-03    +2.23e-04      +4.00e-05      +6.72e-05      +2.20e-04      +4.56e-04
                              -1.66e-04              -2.64e-04      -4.00e-05      -6.24e-05      -2.20e-04      -4.94e-04
  760   MSTW2008   2.06e-03   +1.49e-04  2.03e-03    +1.89e-04      +3.00e-05      +5.76e-05      +2.00e-04      +4.00e-04
                              -1.75e-04              -2.41e-04      -3.20e-05      -5.52e-05      -1.90e-04      -4.39e-04
  780   MSTW2008   1.81e-03   +1.55e-04  1.78e-03    +1.86e-04      +3.00e-05      +5.28e-05      +1.70e-04      +3.65e-04
                              -1.38e-04              -1.99e-04      -2.40e-05      -4.80e-05      -1.70e-04      -3.76e-04
  800   MSTW2008   1.60e-03   +1.37e-04  1.56e-03    +1.58e-04      +3.00e-05      +4.56e-05      +1.50e-04      +3.17e-04
                              -1.23e-04              -1.72e-04      -2.40e-05      -4.32e-05      -1.50e-04      -3.29e-04
  820   MSTW2008   1.42e-03   +1.05e-04  1.38e-03    +1.48e-04      +3.00e-05      +4.08e-05      +1.30e-04      +2.86e-04
                              -1.27e-04              -1.65e-04      -2.40e-05      -3.84e-05      -1.40e-04      -3.11e-04
  840   MSTW2008   1.25e-03   +1.22e-04  1.21e-03    +1.43e-04      +3.00e-05      +3.60e-05      +1.20e-04      +2.71e-04
                              -9.22e-05              -1.40e-04      -1.60e-05      -3.36e-05      -1.20e-04      -2.65e-04
  860   MSTW2008   1.11e-03   +1.03e-04  1.07e-03    +1.10e-04      +2.00e-05      +3.12e-05      +1.10e-04      +2.26e-04
                              -8.83e-05              -1.44e-04      -2.40e-05      -3.02e-05      -1.00e-04      -2.49e-04
  880   MSTW2008   9.88e-04   +8.72e-05  9.45e-04    +1.09e-04      +1.90e-05      +2.66e-05      +9.00e-05      +2.03e-04
                              -8.59e-05              -1.20e-04      -1.76e-05      -2.59e-05      -9.90e-05      -2.23e-04
  900   MSTW2008   8.78e-04   +7.95e-05  8.36e-04    +9.59e-05      +1.80e-05      +2.45e-05      +8.30e-05      +1.84e-04
                              -7.60e-05              -1.05e-04      -1.52e-05      -2.28e-05      -8.40e-05      -1.93e-04
  920   MSTW2008   7.81e-04   +7.37e-05  7.41e-04    +8.62e-05      +1.60e-05      +2.16e-05      +7.40e-05      +1.64e-04
                              -6.85e-05              -9.60e-05      -1.44e-05      -2.04e-05      -7.60e-05      -1.75e-04
  940   MSTW2008   6.96e-04   +6.57e-05  6.57e-04    +7.92e-05      +1.50e-05      +1.92e-05      +6.50e-05      +1.48e-04
                              -6.26e-05              -8.57e-05      -1.28e-05      -1.80e-05      -6.80e-05      -1.56e-04
  960   MSTW2008   6.21e-04   +5.87e-05  5.83e-04    +7.16e-05      +1.40e-05      +1.70e-05      +5.80e-05      +1.33e-04
                              -5.83e-05              -7.69e-05      -1.12e-05      -1.58e-05      -6.10e-05      -1.40e-04
  980   MSTW2008   5.54e-04   +5.50e-05  5.18e-04    +6.43e-05      +1.30e-05      +1.51e-05      +5.20e-05      +1.19e-04
                              -5.16e-05              -6.98e-05      -1.04e-05      -1.42e-05      -5.40e-05      -1.26e-04
 1000   MSTW2008   4.95e-04   +4.99e-05  4.60e-04    +5.77e-05      +1.10e-05      +1.34e-05      +4.60e-05      +1.06e-04
                              -4.70e-05              -6.31e-05      -9.60e-06      -1.27e-05      -4.90e-05      -1.14e-04
