 MH    ENV(+)        CT10(+)       MSTW(+)        NNPDF23(+)    ENV(-)        CT10(-)       MSTW(-)       NNPDF23(-)        <ENV> 
 200    8.3857E-01    7.7673E-01    8.3382E-01    8.3857E-01    7.7673E-01    7.7673E-01    7.8850E-01    7.8603E-01    8.0765E-01
 220    7.6998E-01    6.4490E-01    6.9098E-01    7.6998E-01    5.7421E-01    6.4490E-01    6.5260E-01    5.7421E-01    6.7209E-01
 240    5.7449E-01    5.3916E-01    5.7218E-01    5.7449E-01    5.3577E-01    5.3916E-01    5.3882E-01    5.3577E-01    5.5513E-01
 260    5.0160E-01    4.5088E-01    4.8186E-01    5.0160E-01    4.3293E-01    4.5088E-01    4.5305E-01    4.3293E-01    4.6726E-01
 280    4.5552E-01    3.7909E-01    4.2111E-01    4.5552E-01    3.6023E-01    3.7909E-01    3.8761E-01    3.6023E-01    4.0788E-01
 300    3.4237E-01    3.1976E-01    3.4077E-01    3.4237E-01    3.1846E-01    3.1976E-01    3.2039E-01    3.1846E-01    3.3041E-01
 320    3.0574E-01    2.7238E-01    2.9143E-01    3.0574E-01    2.5770E-01    2.7238E-01    2.7231E-01    2.5770E-01    2.8172E-01
 340    2.6109E-01    2.3121E-01    2.4580E-01    2.6109E-01    2.1545E-01    2.3121E-01    2.3004E-01    2.1545E-01    2.3827E-01
 360    2.1660E-01    1.9883E-01    2.1155E-01    2.1660E-01    1.9216E-01    1.9883E-01    1.9692E-01    1.9216E-01    2.0438E-01
 380    1.8291E-01    1.6974E-01    1.8148E-01    1.8291E-01    1.6702E-01    1.6974E-01    1.6835E-01    1.6702E-01    1.7497E-01
 400    1.5691E-01    1.4574E-01    1.5576E-01    1.5691E-01    1.4346E-01    1.4574E-01    1.4422E-01    1.4346E-01    1.5018E-01
 420    1.3583E-01    1.2569E-01    1.3467E-01    1.3583E-01    1.2374E-01    1.2569E-01    1.2429E-01    1.2374E-01    1.2979E-01
 440    1.1732E-01    1.0821E-01    1.1661E-01    1.1732E-01    1.0620E-01    1.0821E-01    1.0748E-01    1.0620E-01    1.1176E-01
 460    1.0147E-01    9.4253E-02    1.0147E-01    1.0094E-01    9.1628E-02    9.4253E-02    9.2360E-02    9.1628E-02    9.6550E-02
 480    8.8358E-02    8.2037E-02    8.8224E-02    8.8358E-02    8.0052E-02    8.2037E-02    8.0052E-02    8.0071E-02    8.4205E-02
 500    7.7248E-02    7.1351E-02    7.7248E-02    7.6946E-02    6.9532E-02    7.1351E-02    6.9587E-02    6.9532E-02    7.3390E-02
 520    6.7363E-02    6.2682E-02    6.7363E-02    6.7349E-02    6.0600E-02    6.2682E-02    6.0600E-02    6.1134E-02    6.3982E-02
 540    5.9763E-02    5.4745E-02    5.9763E-02    5.8940E-02    5.2905E-02    5.4745E-02    5.2905E-02    5.3109E-02    5.6334E-02
 560    5.2310E-02    4.8288E-02    5.2310E-02    5.1844E-02    4.6365E-02    4.8288E-02    4.6365E-02    4.6432E-02    4.9338E-02
 580    4.6263E-02    4.2540E-02    4.6263E-02    4.6118E-02    4.0561E-02    4.2540E-02    4.0561E-02    4.0904E-02    4.3412E-02
 600    4.0883E-02    3.7490E-02    4.0883E-02    4.0411E-02    3.5555E-02    3.7490E-02    3.5555E-02    3.6181E-02    3.8219E-02
 620    3.5928E-02    3.3128E-02    3.5928E-02    3.5819E-02    3.1012E-02    3.3128E-02    3.1012E-02    3.1965E-02    3.3470E-02
 640    3.2334E-02    2.9403E-02    3.2334E-02    3.1497E-02    2.7615E-02    2.9403E-02    2.7615E-02    2.8047E-02    2.9975E-02
 660    2.8600E-02    2.6018E-02    2.8600E-02    2.8001E-02    2.4288E-02    2.6018E-02    2.4288E-02    2.4915E-02    2.6444E-02
 680    2.6580E-02    2.3059E-02    2.6580E-02    2.4825E-02    2.1504E-02    2.3059E-02    2.1504E-02    2.2054E-02    2.4042E-02
 700    2.2795E-02    2.0596E-02    2.2795E-02    2.2058E-02    1.8940E-02    2.0596E-02    1.8940E-02    1.9528E-02    2.0868E-02
 720    2.0321E-02    1.8386E-02    2.0321E-02    1.9839E-02    1.6586E-02    1.8386E-02    1.6586E-02    1.7467E-02    1.8453E-02
 740    1.8489E-02    1.6384E-02    1.8489E-02    1.7596E-02    1.4977E-02    1.6384E-02    1.4977E-02    1.5515E-02    1.6733E-02
 760    1.6190E-02    1.4634E-02    1.6190E-02    1.5794E-02    1.2941E-02    1.4634E-02    1.2941E-02    1.3892E-02    1.4566E-02
 780    1.4657E-02    1.3080E-02    1.4657E-02    1.4221E-02    1.1526E-02    1.3080E-02    1.1526E-02    1.2314E-02    1.3092E-02
 800    1.3369E-02    1.1732E-02    1.3369E-02    1.2605E-02    1.0355E-02    1.1732E-02    1.0355E-02    1.1082E-02    1.1862E-02
 820    1.2003E-02    1.0576E-02    1.2003E-02    1.1417E-02    9.1635E-03    1.0576E-02    9.1635E-03    9.9030E-03    1.0583E-02
 840    1.0901E-02    9.4924E-03    1.0901E-02    1.0262E-02    8.1740E-03    9.4924E-03    8.1740E-03    8.8769E-03    9.5376E-03
 860    9.8747E-03    8.5117E-03    9.8747E-03    9.2050E-03    7.2516E-03    8.5117E-03    7.2516E-03    7.9972E-03    8.5632E-03
 880    9.0342E-03    7.7001E-03    9.0342E-03    8.2957E-03    6.5273E-03    7.7001E-03    6.5273E-03    7.1967E-03    7.7808E-03
 900    8.1394E-03    6.9479E-03    8.1394E-03    7.4958E-03    5.7411E-03    6.9479E-03    5.7411E-03    6.4927E-03    6.9402E-03
 920    7.4686E-03    6.2848E-03    7.4686E-03    6.7630E-03    5.2415E-03    6.2848E-03    5.2415E-03    5.8395E-03    6.3550E-03
 940    6.7677E-03    5.6535E-03    6.7677E-03    6.1202E-03    4.5737E-03    5.6535E-03    4.5737E-03    5.2826E-03    5.6707E-03
 960    6.1951E-03    5.1246E-03    6.1951E-03    5.5418E-03    4.1319E-03    5.1246E-03    4.1319E-03    4.7610E-03    5.1635E-03
 980    5.7006E-03    4.6773E-03    5.7006E-03    4.9953E-03    3.7022E-03    4.6773E-03    3.7022E-03    4.3174E-03    4.7014E-03
 1000   5.0885E-03    4.2404E-03    5.0885E-03    4.5595E-03    3.1311E-03    4.2404E-03    3.1311E-03    3.9117E-03    4.1098E-03 
