 MH    NLO xsec      Er_scale(+)   Er_scale(-)   Er_PDF(+/-)   Er_alphas(+)   Er_alphas(-) Er PDF+as     Er_TOT(+)     Er_TOT(-)
 200    8.1139E-01    1.3666E-01    1.4293E-01    2.2925E-02    1.2247E-02    1.3411E-02    2.6271E-02    1.6293E-01    1.6920E-01
 220    6.7977E-01    1.1394E-01    1.2208E-01    9.7204E-02    7.6594E-04    2.2242E-02    9.7882E-02    2.1182E-01    2.1996E-01
 240    5.5783E-01    9.4029E-02    1.0456E-01    1.6943E-02    8.0720E-03    1.0664E-02    1.9360E-02    1.1339E-01    1.2392E-01
 260    4.6791E-01    8.3286E-02    8.5771E-02    3.3147E-02    8.2889E-03    9.6074E-03    3.4333E-02    1.1762E-01    1.2010E-01
 280    3.9768E-01    6.5400E-02    7.3524E-02    4.7171E-02    1.5066E-03    1.1900E-02    4.7645E-02    1.1304E-01    1.2117E-01
 300    3.3027E-01    5.6940E-02    6.1018E-02    1.1175E-02    2.3987E-03    6.0931E-03    1.1954E-02    6.8894E-02    7.2972E-02
 320    2.7852E-01    5.1385E-02    5.2733E-02    1.8883E-02    5.6450E-03    2.4038E-02    2.4018E-02    7.5403E-02    7.6751E-02
 340    2.4079E-01    4.4832E-02    4.6028E-02    2.1535E-02    2.5258E-03    1.2573E-02    2.2820E-02    6.7652E-02    6.8848E-02
 360    2.0462E-01    3.6575E-02    3.9887E-02    1.1444E-02    3.5696E-03    4.9991E-03    1.2220E-02    4.8795E-02    5.2107E-02
 380    1.7432E-01    3.0912E-02    3.3496E-02    6.8350E-03    3.4281E-03    4.6618E-03    7.9422E-03    3.8854E-02    4.1439E-02
 400    1.4933E-01    2.4751E-02    2.8742E-02    6.0804E-03    2.6668E-03    3.0567E-03    6.7202E-03    3.1471E-02    3.5462E-02
 420    1.2848E-01    1.8845E-02    2.4830E-02    5.4338E-03    2.2787E-03    3.0051E-03    6.0420E-03    2.4887E-02    3.0872E-02
 440    1.1033E-01    1.6360E-02    2.1196E-02    5.3734E-03    1.8090E-03    1.0413E-03    5.5592E-03    2.1919E-02    2.6755E-02
 460    9.5847E-02    1.4146E-02    1.8751E-02    4.2255E-03    1.7045E-03    2.2104E-03    4.6569E-03    1.8803E-02    2.3407E-02
 480    8.2981E-02    1.2346E-02    1.6418E-02    3.8118E-03    1.4186E-03    1.8307E-03    4.1436E-03    1.6490E-02    2.0562E-02
 500    7.2243E-02    1.1357E-02    1.4058E-02    3.3881E-03    1.4473E-03    1.5625E-03    3.7073E-03    1.5064E-02    1.7765E-02
 520    6.3190E-02    1.1211E-02    1.2637E-02    2.9702E-03    6.8624E-04    1.1397E-03    3.1073E-03    1.4318E-02    1.5745E-02
 540    5.5085E-02    1.0400E-02    1.0755E-02    2.6788E-03    1.0754E-03    1.2256E-03    2.9154E-03    1.3315E-02    1.3671E-02
 560    4.8151E-02    9.3966E-03    9.7843E-03    2.4804E-03    9.8179E-04    1.1820E-03    2.7061E-03    1.2103E-02    1.2490E-02
 580    4.2284E-02    8.4489E-03    8.6142E-03    2.4026E-03    8.3423E-04    1.1906E-03    2.6072E-03    1.1056E-02    1.1221E-02
 600    3.7293E-02    7.2470E-03    7.5530E-03    2.0011E-03    3.7820E-04    9.8948E-04    2.1147E-03    9.3617E-03    9.6677E-03
 620    3.2850E-02    6.4370E-03    6.7815E-03    1.7738E-03    6.4328E-04    8.6399E-04    1.9273E-03    8.3643E-03    8.7088E-03
 640    2.8994E-02    5.8816E-03    6.0318E-03    1.5871E-03    5.6587E-04    7.8762E-04    1.7253E-03    7.6069E-03    7.7571E-03
 660    2.5731E-02    5.2873E-03    5.2824E-03    1.4426E-03    4.7035E-04    6.2628E-04    1.5433E-03    6.8305E-03    6.8257E-03
 680    2.2778E-02    4.7071E-03    4.6160E-03    1.2890E-03    4.2079E-04    5.9581E-04    1.3856E-03    6.0927E-03    6.0016E-03
 700    2.0189E-02    4.0797E-03    4.1954E-03    1.1738E-03    3.8025E-04    5.6323E-04    1.2650E-03    5.3447E-03    5.4604E-03
 720    1.7942E-02    3.7259E-03    3.8378E-03    1.0735E-03    4.0776E-04    5.9982E-04    1.1858E-03    4.9116E-03    5.0236E-03
 740    1.5989E-02    3.4400E-03    3.3446E-03    9.7935E-04    2.9437E-04    4.0884E-04    1.0406E-03    4.4806E-03    4.3851E-03
 760    1.4233E-02    3.0612E-03    2.9700E-03    8.8869E-04    2.8112E-04    3.9728E-04    9.5122E-04    4.0124E-03    3.9212E-03
 780    1.2756E-02    2.7297E-03    2.6772E-03    9.0040E-04    1.9475E-04    4.3136E-04    9.5327E-04    3.6830E-03    3.6304E-03
 800    1.1363E-02    2.4416E-03    2.4077E-03    7.1277E-04    1.8797E-04    3.4819E-04    7.6152E-04    3.2032E-03    3.1692E-03
 820    1.0210E-02    2.2232E-03    2.1985E-03    7.1444E-04    1.6798E-04    3.3211E-04    7.5693E-04    2.9801E-03    2.9554E-03
 840    9.1489E-03    2.0129E-03    1.9664E-03    6.5333E-04    1.6178E-04    2.9758E-04    6.9253E-04    2.7055E-03    2.6589E-03
 860    8.1965E-03    1.8867E-03    1.7180E-03    5.6467E-04    1.8318E-04    2.4517E-04    6.0392E-04    2.4906E-03    2.3219E-03
 880    7.3737E-03    1.6765E-03    1.5792E-03    5.1691E-04    1.6768E-04    2.0512E-04    5.4949E-04    2.2260E-03    2.1287E-03
 900    6.6346E-03    1.4868E-03    1.4053E-03    4.7251E-04    1.2997E-04    2.0632E-04    5.0153E-04    1.9884E-03    1.9068E-03
 920    5.9766E-03    1.3327E-03    1.2783E-03    4.3392E-04    1.3301E-04    1.8285E-04    4.6176E-04    1.7944E-03    1.7401E-03
 940    5.3877E-03    1.2541E-03    1.1415E-03    3.9690E-04    9.8324E-05    1.6893E-04    4.1879E-04    1.6728E-03    1.5603E-03
 960    4.8647E-03    1.1136E-03    1.0364E-03    3.6636E-04    9.2509E-05    1.7739E-04    3.9043E-04    1.5040E-03    1.4268E-03
 980    4.3976E-03    1.0084E-03    9.7359E-04    3.2304E-04    6.6256E-05    1.3883E-04    3.3893E-04    1.3473E-03    1.3125E-03
1000    3.9683E-03    9.1279E-04    8.7824E-04    3.0639E-04    7.6621E-05    1.3357E-04    3.2392E-04    1.2367E-03    1.2022E-03
