200 0.1 72.0729
200 0.2 18.0182
200 0.3 7.99558
200 0.4 4.50443
200 0.5 2.88393
200 0.6 2.0006
200 0.7 1.47127
200 0.8 1.1264
200 0.9 0.888966
200 1 0.721662
200 2 0.179516
200 3 0.0807599
200 4 0.0472093
200 5 0.0328965
200 6 0.0265809
200 7 0.0241011
200 8 0.0239393
200 9 0.0253579
200 10 0.027809
200 11 0.0311878
200 12 0.0353107
200 13 0.0400583
200 14 0.0453802
200 15 0.0512889
200 16 0.0577125
200 17 0.0646271
200 18 0.0720643
200 19 0.0799397
200 20 0.0883012
200 25 0.137051
200 30 0.197953
200 35 0.268659
200 40 0.352541
200 45 0.445355
200 50 0.549348
200 55 0.664727
200 60 0.792489
220 0.1 58.2582
220 0.2 14.5945
220 0.3 6.48852
220 0.4 3.64715
220 0.5 2.33507
220 0.6 1.61751
220 0.7 1.18807
220 0.8 0.909942
220 0.9 0.719446
220 1 0.583772
220 2 0.14599
220 3 0.0655265
220 4 0.0383792
220 5 0.0268895
220 6 0.021722
220 7 0.0197515
220 8 0.0195666
220 9 0.0206908
220 10 0.0226909
220 11 0.0253734
220 12 0.0287005
220 13 0.0325169
220 14 0.0368403
220 15 0.041562
220 16 0.0467522
220 17 0.0523264
220 18 0.0583488
220 19 0.0647361
220 20 0.0714694
220 25 0.110938
220 30 0.159474
220 35 0.216909
220 40 0.283321
220 45 0.358795
220 50 0.443083
220 55 0.535877
220 60 0.637801
240 0.1 47.0978
240 0.2 11.8225
240 0.3 5.27619
240 0.4 2.97956
240 0.5 1.88941
240 0.6 1.31838
240 0.7 0.97389
240 0.8 0.741273
240 0.9 0.584673
240 1 0.475584
240 2 0.119096
240 3 0.0536434
240 4 0.0314732
240 5 0.0220652
240 6 0.0178289
240 7 0.0161883
240 8 0.0160804
240 9 0.0169515
240 10 0.0185876
240 11 0.0207709
240 12 0.0234665
240 13 0.0265778
240 14 0.0300657
240 15 0.0339347
240 16 0.0381283
240 17 0.042706
240 18 0.0475553
240 19 0.0526919
240 20 0.0582467
240 25 0.09029
240 30 0.129703
240 35 0.176354
240 40 0.229966
240 45 0.291461
240 50 0.359401
240 55 0.435141
240 60 0.517864
260 0.1 52.2582
260 0.2 9.8068
260 0.3 4.25383
260 0.4 2.27938
260 0.5 1.49244
260 0.6 0.962035
260 0.7 0.740111
260 0.8 0.606328
260 0.9 0.479975
260 1 0.39109
260 2 0.0978798
260 3 0.0440179
260 4 0.025946
260 5 0.0181759
260 6 0.0146658
260 7 0.0133116
260 8 0.0132202
260 9 0.0139278
260 10 0.0152611
260 11 0.0170981
260 12 0.0191874
260 13 0.0218099
260 14 0.0245861
260 15 0.0278184
260 16 0.0312624
260 17 0.0349858
260 18 0.0389721
260 19 0.0431386
260 20 0.0475929
260 25 0.0737167
260 30 0.105867
260 35 0.143955
260 40 0.188153
260 45 0.238195
260 50 0.294061
260 55 0.355689
260 60 0.423069
280 0.1 32.9508
280 0.2 8.06132
280 0.3 3.57801
280 0.4 2.08377
280 0.5 1.26534
280 0.6 0.8914
280 0.7 0.656527
280 0.8 0.496828
280 0.9 0.395864
280 1 0.320423
280 2 0.0806169
280 3 0.0363952
280 4 0.0214306
280 5 0.0150464
280 6 0.0121405
280 7 0.0110056
280 8 0.010902
280 9 0.0115047
280 10 0.0126447
280 11 0.0140257
280 12 0.0158724
280 13 0.0179546
280 14 0.020295
280 15 0.0228609
280 16 0.0257257
280 17 0.0287924
280 18 0.0320748
280 19 0.0355842
280 20 0.0390759
280 25 0.0604453
280 30 0.0869149
280 35 0.117616
280 40 0.154781
280 45 0.195147
280 50 0.242299
280 55 0.292338
280 60 0.348632
300 0.1 26.5613
300 0.2 6.66403
300 0.3 2.96355
300 0.4 1.66502
300 0.5 1.06518
300 0.6 0.738829
300 0.7 0.543548
300 0.8 0.416122
300 0.9 0.329013
300 1 0.267111
300 2 0.066937
300 3 0.0301785
300 4 0.0177848
300 5 0.0124839
300 6 0.0100838
300 7 0.00916275
300 8 0.00907756
300 9 0.00955043
300 10 0.0104462
300 11 0.0116596
300 12 0.0131471
300 13 0.0148706
300 14 0.0168026
300 15 0.0189303
300 16 0.0212878
300 17 0.0237999
300 18 0.0264966
300 19 0.0293646
300 20 0.0324276
300 25 0.0501061
300 30 0.0719613
300 35 0.0979066
300 40 0.127748
300 45 0.161714
300 50 0.199624
300 55 0.241763
300 60 0.287527
320 0.1 22.2206
320 0.2 5.55999
320 0.3 2.4724
320 0.4 1.38749
320 0.5 0.887836
320 0.6 0.616246
320 0.7 0.453792
320 0.8 0.347715
320 0.9 0.274079
320 1 0.221869
320 2 0.0556452
320 3 0.0250993
320 4 0.0147684
320 5 0.0103909
320 6 0.00840592
320 7 0.00762346
320 8 0.0075508
320 9 0.00795175
320 10 0.00866315
320 11 0.0096927
320 12 0.0109261
320 13 0.0123467
320 14 0.0139488
320 15 0.0157064
320 16 0.0176714
320 17 0.0197344
320 18 0.0219898
320 19 0.0243744
320 20 0.0268502
320 25 0.0415451
320 30 0.0597436
320 35 0.0811661
320 40 0.105831
320 45 0.134037
320 50 0.165416
320 55 0.200043
320 60 0.234975
340 0.1 18.4935
340 0.2 4.64498
340 0.3 2.06014
340 0.4 1.15937
340 0.5 0.742263
340 0.6 0.515962
340 0.7 0.379031
340 0.8 0.289408
340 0.9 0.229576
340 1 0.185547
340 2 0.0465801
340 3 0.021003
340 4 0.0123624
340 5 0.00870235
340 6 0.00701473
340 7 0.00637953
340 8 0.00631571
340 9 0.00664556
340 10 0.00724725
340 11 0.0080903
340 12 0.00911241
340 13 0.010302
340 14 0.0116495
340 15 0.01312
340 16 0.0147273
340 17 0.0164794
340 18 0.0183327
340 19 0.0203227
340 20 0.0223973
340 25 0.0346647
340 30 0.0497583
340 35 0.0675894
340 40 0.0883079
340 45 0.111769
340 50 0.137901
340 55 0.166886
340 60 0.198413
360 0.1 15.6282
360 0.2 3.87764
360 0.3 1.72475
360 0.4 0.970117
360 0.5 0.621667
360 0.6 0.430166
360 0.7 0.316504
360 0.8 0.242529
360 0.9 0.191518
360 1 0.155556
360 2 0.0389944
360 3 0.0176186
360 4 0.0103295
360 5 0.0072926
360 6 0.00589464
360 7 0.00534336
360 8 0.00529685
360 9 0.0055601
360 10 0.00606799
360 11 0.00676973
360 12 0.00761973
360 13 0.00861587
360 14 0.00973254
360 15 0.0109742
360 16 0.0123043
360 17 0.0137703
360 18 0.0153333
360 19 0.0169885
360 20 0.0187386
360 25 0.0289454
360 30 0.0415561
360 35 0.056469
360 40 0.0736045
360 45 0.0932747
360 50 0.115145
360 55 0.139229
360 60 0.165614
380 0.1 13.0145
380 0.2 3.2618
380 0.3 1.45065
380 0.4 0.815555
380 0.5 0.521986
380 0.6 0.362568
380 0.7 0.266124
380 0.8 0.203704
380 0.9 0.161054
380 1 0.130764
380 2 0.0327522
380 3 0.0148195
380 4 0.00873335
380 5 0.00613185
380 6 0.00495646
380 7 0.00449711
380 8 0.00444993
380 9 0.00467714
380 10 0.00510318
380 11 0.00568314
380 12 0.00640367
380 13 0.00723201
380 14 0.00817636
380 15 0.0092125
380 16 0.0103365
380 17 0.0115467
380 18 0.0128633
380 19 0.0142361
380 20 0.0157077
380 25 0.0242901
380 30 0.0348287
380 35 0.0473541
380 40 0.0617813
380 45 0.0781808
380 50 0.0965934
380 55 0.116763
380 60 0.139089
400 0.1 10.971
400 0.2 2.75223
400 0.3 1.22192
400 0.4 0.688187
400 0.5 0.440291
400 0.6 0.305618
400 0.7 0.224524
400 0.8 0.172203
400 0.9 0.135844
400 1 0.11036
400 2 0.0276951
400 3 0.0125025
400 4 0.00736615
400 5 0.00517764
400 6 0.00418417
400 7 0.00378728
400 8 0.00375731
400 9 0.00394675
400 10 0.00429801
400 11 0.00478662
400 12 0.00538912
400 13 0.0060927
400 14 0.0068796
400 15 0.00774729
400 16 0.00867994
400 17 0.00972614
400 18 0.0108095
400 19 0.0119767
400 20 0.0132119
400 25 0.0204353
400 30 0.0293013
400 35 0.0398264
400 40 0.0519913
400 45 0.0657602
400 50 0.0811595
400 55 0.0982694
400 60 0.116993
420 0.1 9.30188
420 0.2 2.33114
420 0.3 1.03663
420 0.4 0.582686
420 0.5 0.372635
420 0.6 0.259111
420 0.7 0.190322
420 0.8 0.145677
420 0.9 0.115015
420 1 0.0934692
420 2 0.02341
420 3 0.0105941
420 4 0.00624019
420 5 0.00438247
420 6 0.00354333
420 7 0.00321366
420 8 0.0031757
420 9 0.00333932
420 10 0.00363536
420 11 0.00404791
420 12 0.00455606
420 13 0.00514682
420 14 0.00581632
420 15 0.00654671
420 16 0.00734759
420 17 0.00820261
420 18 0.00914827
420 19 0.010132
420 20 0.0111837
420 25 0.0172366
420 30 0.0247397
420 35 0.0336202
420 40 0.0439074
420 45 0.0555932
420 50 0.068615
420 55 0.0829941
420 60 0.0987085
440 0.1 7.91705
440 0.2 1.98382
440 0.3 0.881252
440 0.4 0.495581
440 0.5 0.316902
440 0.6 0.220273
440 0.7 0.161869
440 0.8 0.123956
440 0.9 0.0979615
440 1 0.0793589
440 2 0.0198856
440 3 0.00899262
440 4 0.00530186
440 5 0.00372159
440 6 0.00301079
440 7 0.00272623
440 8 0.00269409
440 9 0.00282912
440 10 0.00308931
440 11 0.0034344
440 12 0.00387795
440 13 0.00436553
440 14 0.00492617
440 15 0.005546
440 16 0.00622588
440 17 0.00695566
440 18 0.00773877
440 19 0.00856808
440 20 0.00945443
440 25 0.0146122
440 30 0.0209541
440 35 0.028502
440 40 0.0371831
440 45 0.0470006
440 50 0.0580818
440 55 0.0702488
440 60 0.0835671
460 0.1 6.74854
460 0.2 1.68979
460 0.3 0.752328
460 0.4 0.422734
460 0.5 0.270594
460 0.6 0.187833
460 0.7 0.137954
460 0.8 0.10558
460 0.9 0.0834599
460 1 0.0674827
460 2 0.0169336
460 3 0.0076584
460 4 0.00451402
460 5 0.00316129
460 6 0.00256006
460 7 0.00231997
460 8 0.00229384
460 9 0.00240397
460 10 0.00261808
460 11 0.00291295
460 12 0.00327791
460 13 0.0037062
460 14 0.00418024
460 15 0.00471398
460 16 0.00528604
460 17 0.00590184
460 18 0.00657044
460 19 0.00727672
460 20 0.00804001
460 25 0.0124164
460 30 0.0177941
460 35 0.0241826
460 40 0.031579
460 45 0.0399495
460 50 0.0491254
460 55 0.0597305
460 60 0.0711478
480 0.1 5.76685
480 0.2 1.44576
480 0.3 0.641862
480 0.4 0.36104
480 0.5 0.231154
480 0.6 0.16112
480 0.7 0.118009
480 0.8 0.090216
480 0.9 0.0712533
480 1 0.0574552
480 2 0.0144259
480 3 0.00652477
480 4 0.00384086
480 5 0.00269591
480 6 0.00218088
480 7 0.00197536
480 8 0.00195188
480 9 0.00204736
480 10 0.00223003
480 11 0.0024837
480 12 0.00279235
480 13 0.00315086
480 14 0.00355379
480 15 0.00400396
480 16 0.00449341
480 17 0.00501238
480 18 0.00558509
480 19 0.00618467
480 20 0.00682114
480 25 0.0105511
480 30 0.0156284
480 35 0.0205306
480 40 0.0267746
480 45 0.0339232
480 50 0.0418551
480 55 0.050616
480 60 0.060257
500 0.1 4.93489
500 0.2 1.23595
500 0.3 0.549199
500 0.4 0.309233
500 0.5 0.197817
500 0.6 0.137327
500 0.7 0.100977
500 0.8 0.0772265
500 0.9 0.0610832
500 1 0.0492121
500 2 0.0123379
500 3 0.00557735
500 4 0.00328645
500 5 0.00230864
500 6 0.00186581
500 7 0.00168781
500 8 0.0016671
500 9 0.00174979
500 10 0.00190548
500 11 0.00212132
500 12 0.00238313
500 13 0.00269185
500 14 0.00303554
500 15 0.00341872
500 16 0.00383631
500 17 0.00428401
500 18 0.00476814
500 19 0.00528095
500 20 0.00582255
500 25 0.00897879
500 30 0.0128983
500 35 0.0175484
500 40 0.022887
500 45 0.0289451
500 50 0.0357183
500 55 0.0432134
500 60 0.0514238
520 0.1 4.22476
520 0.2 1.0613
520 0.3 0.470543
520 0.4 0.264963
520 0.5 0.169518
520 0.6 0.117734
520 0.7 0.0865185
520 0.8 0.0661297
520 0.9 0.052366
520 1 0.0421305
520 2 0.0105868
520 3 0.0047841
520 4 0.00282167
520 5 0.00198028
520 6 0.00159974
520 7 0.00144514
520 8 0.00142969
520 9 0.00149979
520 10 0.00163238
520 11 0.00181406
520 12 0.00204364
520 13 0.00230417
520 14 0.00259946
520 15 0.00292311
520 16 0.00328179
520 17 0.00366612
520 18 0.00407805
520 19 0.00451763
520 20 0.00498639
520 25 0.00769445
520 30 0.0110407
520 35 0.015
520 40 0.0195749
520 45 0.0247684
520 50 0.0305795
520 55 0.0370071
520 60 0.0439516
540 0.1 3.63985
540 0.2 0.912864
540 0.3 0.405714
540 0.4 0.228154
540 0.5 0.145892
540 0.6 0.101363
540 0.7 0.0745084
540 0.8 0.0570441
540 0.9 0.0451694
540 1 0.036225
540 2 0.00908784
540 3 0.00410725
540 4 0.00242017
540 5 0.0017011
540 6 0.00137115
540 7 0.00124241
540 8 0.00122792
540 9 0.00128607
540 10 0.00140072
540 11 0.00155738
540 12 0.00175037
540 13 0.00197354
540 14 0.00222457
540 15 0.0025088
540 16 0.00281123
540 17 0.0031387
540 18 0.00349371
540 19 0.00387251
540 20 0.00426521
540 25 0.00660238
540 30 0.00949698
540 35 0.0128463
540 40 0.0167698
540 45 0.0212091
540 50 0.0262092
540 55 0.0316607
540 60 0.0376989
560 0.1 3.12621
560 0.2 0.783356
560 0.3 0.3484
560 0.4 0.19579
560 0.5 0.12548
560 0.6 0.0871327
560 0.7 0.0639874
560 0.8 0.0490124
560 0.9 0.0386802
560 1 0.0313423
560 2 0.00785489
560 3 0.00355153
560 4 0.0020933
560 5 0.00146935
560 6 0.00118694
560 7 0.00107465
560 8 0.00105885
560 9 0.00110962
560 10 0.00120824
560 11 0.00134397
560 12 0.00150898
560 13 0.00170213
560 14 0.00191967
560 15 0.0021637
560 16 0.00242681
560 17 0.00270849
560 18 0.0030149
560 19 0.0033406
560 20 0.00368105
560 25 0.00568278
560 30 0.00816007
560 35 0.0110812
560 40 0.014454
560 45 0.0182888
560 50 0.0225865
560 55 0.0273221
560 60 0.0324871
580 0.1 2.70846
580 0.2 0.679115
580 0.3 0.301944
580 0.4 0.169743
580 0.5 0.10865
580 0.6 0.0754488
580 0.7 0.0554318
580 0.8 0.0424579
580 0.9 0.0335742
580 1 0.0271018
580 2 0.00681216
580 3 0.00307702
580 4 0.00181504
580 5 0.00127188
580 6 0.00102697
580 7 0.000929729
580 8 0.000917057
580 9 0.000959261
580 10 0.00104567
580 11 0.00116155
580 12 0.0013051
580 13 0.00147438
580 14 0.00166174
580 15 0.00186935
580 16 0.0020964
580 17 0.00234128
580 18 0.00260426
580 19 0.00288357
580 20 0.00317955
580 25 0.00490785
580 30 0.00704192
580 35 0.00957617
580 40 0.0124912
580 45 0.0158102
580 50 0.0195071
580 55 0.0236378
580 60 0.0280804
600 0.1 2.34626
600 0.2 0.588596
600 0.3 0.261416
600 0.4 0.14718
600 0.5 0.0941763
600 0.6 0.0653
600 0.7 0.0480869
600 0.8 0.0367504
600 0.9 0.0290705
600 1 0.0235263
600 2 0.00588969
600 3 0.00267236
600 4 0.00157234
600 5 0.00110423
600 6 0.000892284
600 7 0.000805621
600 8 0.000794174
600 9 0.000832282
600 10 0.000905023
600 11 0.00100788
600 12 0.00113041
600 13 0.00127688
600 14 0.00143708
600 15 0.00161514
600 16 0.00181146
600 17 0.00202362
600 18 0.00225322
600 19 0.0024953
600 20 0.00274901
600 25 0.00424183
600 30 0.00608456
600 35 0.00826956
600 40 0.0108105
600 45 0.0136782
600 50 0.0168522
600 55 0.0203851
600 60 0.0242897
620 0.1 2.04105
620 0.2 0.511434
620 0.3 0.227152
620 0.4 0.127897
620 0.5 0.0817079
620 0.6 0.0567542
620 0.7 0.0417219
620 0.8 0.031921
620 0.9 0.0252076
620 1 0.0204625
620 2 0.00513383
620 3 0.00232601
620 4 0.0013688
620 5 0.000963116
620 6 0.000776764
620 7 0.00070356
620 8 0.000692561
620 9 0.000724312
620 10 0.000789387
620 11 0.000878006
620 12 0.000985775
620 13 0.00111452
620 14 0.00125525
620 15 0.00141341
620 16 0.00158555
620 17 0.00177096
620 18 0.00197322
620 19 0.00218226
620 20 0.00240282
620 25 0.00371863
620 30 0.00532032
620 35 0.00724192
620 40 0.00945556
620 45 0.0119496
620 50 0.0147253
620 55 0.0178156
620 60 0.0212148
640 0.1 1.77131
640 0.2 0.444142
640 0.3 0.197531
640 0.4 0.111261
640 0.5 0.0711297
640 0.6 0.0494087
640 0.7 0.0363267
640 0.8 0.0277484
640 0.9 0.0219279
640 1 0.0177811
640 2 0.0044701
640 3 0.00200927
640 4 0.00119038
640 5 0.000836518
640 6 0.000673232
640 7 0.000609637
640 8 0.000602269
640 9 0.000630158
640 10 0.000684443
640 11 0.000761358
640 12 0.00085415
640 13 0.000966294
640 14 0.00108799
640 15 0.00122344
640 16 0.00137849
640 17 0.00153757
640 18 0.00170487
640 19 0.00189322
640 20 0.00208336
640 25 0.00321398
640 30 0.00462172
640 35 0.00625629
640 40 0.00818513
640 45 0.0103602
640 50 0.0127736
640 55 0.0154749
640 60 0.0183936
660 0.1 1.5448
660 0.2 0.387981
660 0.3 0.172287
660 0.4 0.0968194
660 0.5 0.061975
660 0.6 0.0431226
660 0.7 0.0316453
660 0.8 0.0242236
660 0.9 0.019113
660 1 0.0154783
660 2 0.00388486
660 3 0.00175885
660 4 0.00103349
660 5 0.000728342
660 6 0.000586776
660 7 0.000531477
660 8 0.000524676
660 9 0.000548512
660 10 0.000597071
660 11 0.000659873
660 12 0.000744169
660 13 0.000842048
660 14 0.000946879
660 15 0.0010673
660 16 0.00119803
660 17 0.0013368
660 18 0.0014868
660 19 0.00163496
660 20 0.00181228
660 25 0.00279383
660 30 0.00402076
660 35 0.00546094
660 40 0.00712827
660 45 0.00901092
660 50 0.0110993
660 55 0.0134366
660 60 0.0160113
680 0.1 1.34987
680 0.2 0.338623
680 0.3 0.150428
680 0.4 0.0847071
680 0.5 0.0541374
680 0.6 0.0376082
680 0.7 0.0276778
680 0.8 0.0211341
680 0.9 0.0167096
680 1 0.0135408
680 2 0.00340241
680 3 0.00153865
680 4 0.000904015
680 5 0.000635629
680 6 0.000511892
680 7 0.000464983
680 8 0.000456448
680 9 0.000478049
680 10 0.000520393
680 11 0.000577702
680 12 0.000648324
680 13 0.000733024
680 14 0.000826221
680 15 0.00092865
680 16 0.00104287
680 17 0.00116489
680 18 0.00129737
680 19 0.00143405
680 20 0.00157956
680 25 0.00244127
680 30 0.0034978
680 35 0.00475332
680 40 0.00620657
680 45 0.00784515
680 50 0.00969002
680 55 0.0117282
680 60 0.0139363
700 0.1 1.18003
700 0.2 0.296096
700 0.3 0.131674
700 0.4 0.0741501
700 0.5 0.0474305
700 0.6 0.03271
700 0.7 0.0241692
700 0.8 0.0185521
700 0.9 0.0146333
700 1 0.0118025
700 2 0.0029703
700 3 0.00134325
700 4 0.000790872
700 5 0.000555038
700 6 0.000448341
700 7 0.000407866
700 8 0.000400528
700 9 0.00041723
700 10 0.00045506
700 11 0.000504577
700 12 0.000566746
700 13 0.000638209
700 14 0.000722743
700 15 0.000810982
700 16 0.00090915
700 17 0.00101614
700 18 0.00112982
700 19 0.00124968
700 20 0.00138015
700 25 0.00213095
700 30 0.00305085
700 35 0.00415951
700 40 0.00540826
700 45 0.0068206
700 50 0.00844474
700 55 0.0102051
700 60 0.0121549
720 0.1 1.03449
720 0.2 0.25994
720 0.3 0.115153
720 0.4 0.0648023
720 0.5 0.0415068
720 0.6 0.0287457
720 0.7 0.0211674
720 0.8 0.016222
720 0.9 0.0127979
720 1 0.0103699
720 2 0.00260561
720 3 0.00117583
720 4 0.000692067
720 5 0.00048707
720 6 0.000391746
720 7 0.000353856
720 8 0.00034883
720 9 0.000365401
720 10 0.000397321
720 11 0.000441479
720 12 0.000496156
720 13 0.000558744
720 14 0.000630415
720 15 0.000709414
720 16 0.000794391
720 17 0.000888333
720 18 0.000986881
720 19 0.00109338
720 20 0.00120753
720 25 0.0018548
720 30 0.00266851
720 35 0.0036233
720 40 0.00473199
720 45 0.00595749
720 50 0.00737381
720 55 0.00893524
720 60 0.0106244
740 0.1 0.906661
740 0.2 0.227514
740 0.3 0.100939
740 0.4 0.0568644
740 0.5 0.0363422
740 0.6 0.0252678
740 0.7 0.0185107
740 0.8 0.014197
740 0.9 0.0112271
740 1 0.00910802
740 2 0.00229101
740 3 0.00102935
740 4 0.000608218
740 5 0.000425722
740 6 0.000345207
740 7 0.000311045
740 8 0.000306757
740 9 0.000321234
740 10 0.000349379
740 11 0.00038714
740 12 0.00043472
740 13 0.000490137
740 14 0.000553174
740 15 0.000621458
740 16 0.0006974
740 17 0.000778546
740 18 0.000866062
740 19 0.000957716
740 20 0.00105291
740 25 0.00163183
740 30 0.00233841
740 35 0.00317603
740 40 0.00414868
740 45 0.00524959
740 50 0.00646272
740 55 0.00783421
740 60 0.00931602
760 0.1 0.796833
760 0.2 0.199675
760 0.3 0.0886678
760 0.4 0.0498912
760 0.5 0.0318958
760 0.6 0.0221588
760 0.7 0.016312
760 0.8 0.0125174
760 0.9 0.009875
760 1 0.00797486
760 2 0.00200209
760 3 0.000907663
760 4 0.000533064
760 5 0.000374722
760 6 0.000302188
760 7 0.000273078
760 8 0.000268441
760 9 0.000281244
760 10 0.000304924
760 11 0.00033927
760 12 0.000380979
760 13 0.000429154
760 14 0.000482569
760 15 0.00054416
760 16 0.0006102
760 17 0.000681374
760 18 0.000758171
760 19 0.000839043
760 20 0.000923163
760 25 0.00142581
760 30 0.00204424
760 35 0.00277739
760 40 0.00364103
760 45 0.00458447
760 50 0.00565655
760 55 0.00684691
760 60 0.00815702
780 0.1 0.70119
780 0.2 0.175749
780 0.3 0.0779634
780 0.4 0.0438932
780 0.5 0.0280765
780 0.6 0.0195784
780 0.7 0.0143008
780 0.8 0.0109477
780 0.9 0.00863561
780 1 0.0070182
780 2 0.00175978
780 3 0.000797128
780 4 0.000469657
780 5 0.000329387
780 6 0.000265553
780 7 0.000239673
780 8 0.000235839
780 9 0.000246506
780 10 0.000267618
780 11 0.000298426
780 12 0.000333936
780 13 0.000376516
780 14 0.000424762
780 15 0.000478323
780 16 0.000535605
780 17 0.00059816
780 18 0.000664921
780 19 0.000736926
780 20 0.000812732
780 25 0.00125264
780 30 0.00179663
780 35 0.00244111
780 40 0.00318877
780 45 0.00402798
780 50 0.0049715
780 55 0.00602427
780 60 0.00716155
800 0.1 0.616743
800 0.2 0.154375
800 0.3 0.0686702
800 0.4 0.0387119
800 0.5 0.0247521
800 0.6 0.0171886
800 0.7 0.0125112
800 0.8 0.00967952
800 0.9 0.00763966
800 1 0.00618628
800 2 0.00155293
800 3 0.000700842
800 4 0.000413892
800 5 0.000290429
800 6 0.000234057
800 7 0.00021103
800 8 0.000207738
800 9 0.000217846
800 10 0.000236675
800 11 0.000261668
800 12 0.000294364
800 13 0.00033169
800 14 0.000373719
800 15 0.000421041
800 16 0.000471666
800 17 0.000527472
800 18 0.000586077
800 19 0.000649033
800 20 0.000715153
800 25 0.00110333
800 30 0.00158046
800 35 0.00214989
800 40 0.00279795
800 45 0.00355676
800 50 0.00437538
800 55 0.00529449
800 60 0.00630259
820 0.1 0.543616
820 0.2 0.136271
820 0.3 0.0607455
820 0.4 0.0339978
820 0.5 0.0218603
820 0.6 0.0151363
820 0.7 0.0111294
820 0.8 0.00857885
820 0.9 0.00672868
820 1 0.00544893
820 2 0.00137249
820 3 0.00061942
820 4 0.000365187
820 5 0.0002558
820 6 0.000206236
820 7 0.00018612
820 8 0.000182618
820 9 0.000191612
820 10 0.000208458
820 11 0.000230706
820 12 0.000259123
820 13 0.000291884
820 14 0.000328626
820 15 0.000370424
820 16 0.000415512
820 17 0.000463838
820 18 0.000513863
820 19 0.000569791
820 20 0.000628402
820 25 0.000971792
820 30 0.00139379
820 35 0.00188915
820 40 0.00246486
820 45 0.0031116
820 50 0.00385443
820 55 0.00465002
820 60 0.00554964
840 0.1 0.482235
840 0.2 0.120202
840 0.3 0.0743958
840 0.4 0.0301819
840 0.5 0.0193498
840 0.6 0.0134254
840 0.7 0.00985537
840 0.8 0.00755566
840 0.9 0.00597129
840 1 0.00482012
840 2 0.00120998
840 3 0.000546454
840 4 0.000322646
840 5 0.000226058
840 6 0.000182373
840 7 0.000164457
840 8 0.000161778
840 9 0.000169342
840 10 0.000183701
840 11 0.00020418
840 12 0.000228725
840 13 0.000257594
840 14 0.000291147
840 15 0.000327019
840 16 0.000366754
840 17 0.000408763
840 18 0.000454408
840 19 0.00050348
840 20 0.000556331
840 25 0.00085758
840 30 0.00123299
840 35 0.00167079
840 40 0.00217721
840 45 0.00276348
840 50 0.00340085
840 55 0.00412266
840 60 0.00490004
860 0.1 0.765404
860 0.2 0.107141
860 0.3 0.0475894
860 0.4 0.026742
860 0.5 0.0170619
860 0.6 0.0118399
860 0.7 0.0087422
860 0.8 0.00666319
860 0.9 0.0052744
860 1 0.00426674
860 2 0.00107198
860 3 0.000483913
860 4 0.000285196
860 5 0.000200541
860 6 0.000161179
860 7 0.000145607
860 8 0.000142913
860 9 0.000149634
860 10 0.00016212
860 11 0.000180551
860 12 0.000202001
860 13 0.000227954
860 14 0.00025678
860 15 0.000288573
860 16 0.000323485
860 17 0.000361615
860 18 0.00040195
860 19 0.000444893
860 20 0.000489542
860 25 0.000757448
860 30 0.00108483
860 35 0.00147382
860 40 0.00191871
860 45 0.00243709
860 50 0.00300091
860 55 0.00362798
860 60 0.00432382
880 0.1 0.377865
880 0.2 0.0943717
880 0.3 0.0420726
880 0.4 0.0328563
880 0.5 0.0215252
880 0.6 0.010521
880 0.7 0.00680266
880 0.8 0.005201
880 0.9 0.00466925
880 1 0.00378291
880 2 0.000948604
880 3 0.000428539
880 4 0.000252995
880 5 0.000177534
880 6 0.000142594
880 7 0.000128807
880 8 0.000126864
880 9 0.000132014
880 10 0.000142764
880 11 0.000159339
880 12 0.00017806
880 13 0.000201715
880 14 0.000226714
880 15 0.000257699
880 16 0.000287316
880 17 0.000319622
880 18 0.000355891
880 19 0.000393842
880 20 0.000433662
880 25 0.000668025
880 30 0.000958489
880 35 0.00130143
880 40 0.00169789
880 45 0.00215278
880 50 0.00266171
880 55 0.00321522
880 60 0.00381887
900 0.1 0.335061
900 0.2 0.0842458
900 0.3 0.0374577
900 0.4 0.0210223
900 0.5 0.013483
900 0.6 0.00934451
900 0.7 0.00686382
900 0.8 0.00526007
900 0.9 0.00414146
900 1 0.00315296
900 2 0.00123888
900 3 0.000381878
900 4 0.000224068
900 5 0.000157679
900 6 0.000126742
900 7 0.000114562
900 8 0.000112296
900 9 0.000117174
900 10 0.00012729
900 11 0.000141659
900 12 0.000158336
900 13 0.000178561
900 14 0.000201209
900 15 0.000226395
900 16 0.000253463
900 17 0.000283485
900 18 0.000314374
900 19 0.000349106
900 20 0.000381694
900 25 0.000594176
900 30 0.000883915
900 35 0.00115683
900 40 0.00151058
900 45 0.00191535
900 50 0.00236654
900 55 0.00286033
900 60 0.00338314
920 0.1 0.29855
920 0.2 0.0745559
920 0.3 0.0331412
920 0.4 0.0186565
920 0.5 0.0119341
920 0.6 0.00828206
920 0.7 0.00608603
920 0.8 0.00466458
920 0.9 0.0036909
920 1 0.00298442
920 2 0.000667816
920 3 0.000338371
920 4 0.000199656
920 5 0.000140063
920 6 0.000112745
920 7 0.000101571
920 8 9.79733e-05
920 9 0.00010802
920 10 0.000113
920 11 0.000125588
920 12 0.000140519
920 13 0.000158596
920 14 0.000178432
920 15 0.000200678
920 16 0.00022489
920 17 0.00025184
920 18 0.000279414
920 19 0.000308698
920 20 0.000340642
920 25 0.000527368
920 30 0.000755912
920 35 0.00102442
920 40 0.0013357
920 45 0.00169052
920 50 0.00208718
920 55 0.00253282
920 60 0.00300736
940 0.1 0.265038
940 0.2 0.0664549
940 0.3 0.0294887
940 0.4 0.016566
940 0.5 0.0106264
940 0.6 0.00734049
940 0.7 0.00539563
940 0.8 0.00414606
940 0.9 0.00327554
940 1 0.00238161
940 2 0.000665664
940 3 0.000301348
940 4 0.000177392
940 5 0.000124342
940 6 0.000100275
940 7 9.04091e-05
940 8 8.87483e-05
940 9 9.26514e-05
940 10 0.000100002
940 11 0.000116437
940 12 0.000124968
940 13 0.000140993
940 14 0.000158518
940 15 0.000178276
940 16 0.000200063
940 17 0.000222834
940 18 0.00024833
940 19 0.000274732
940 20 0.000302824
940 25 0.000467769
940 30 0.000728803
940 35 0.000911738
940 40 0.00118648
940 45 0.00149882
940 50 0.00184973
940 55 0.00224623
940 60 0.00266778
960 0.1 0.234794
960 0.2 0.0590078
960 0.3 0.0262824
960 0.4 0.0147544
960 0.5 0.0094365
960 0.6 0.00657183
960 0.7 0.00481885
960 0.8 0.00368581
960 0.9 0.00291696
960 1 0.00236069
960 2 0.000593869
960 3 0.00026797
960 4 0.000157787
960 5 0.000110952
960 6 8.91672e-05
960 7 8.04494e-05
960 8 7.88538e-05
960 9 8.23617e-05
960 10 8.95286e-05
960 11 9.93009e-05
960 12 0.000111297
960 13 0.00012513
960 14 0.000141088
960 15 0.000158856
960 16 0.000178355
960 17 0.000199137
960 18 0.000221117
960 19 0.000244198
960 20 0.00026924
960 25 0.000415317
960 30 0.000596182
960 35 0.000811413
960 40 0.00105369
960 45 0.00133529
960 50 0.00164837
960 55 0.00199256
960 60 0.00237427
980 0.1 0.209407
980 0.2 0.0525705
980 0.3 0.0233085
980 0.4 0.0131489
980 0.5 0.00843185
980 0.6 0.00583605
980 0.7 0.00428524
980 0.8 0.00328442
980 0.9 0.00259445
980 1 0.00209402
980 2 0.000528423
980 3 0.00023924
980 4 0.000140777
980 5 9.86936e-05
980 6 7.94809e-05
980 7 7.16289e-05
980 8 7.0323e-05
980 9 7.35193e-05
980 10 7.95974e-05
980 11 8.81837e-05
980 12 9.88342e-05
980 13 0.000111528
980 14 0.000125559
980 15 0.000141318
980 16 0.000158285
980 17 0.000175953
980 18 0.000196498
980 19 0.000217524
980 20 0.000239963
980 25 0.000370934
980 30 0.000530479
980 35 0.000719911
980 40 0.000941893
980 45 0.00118843
980 50 0.00146817
980 55 0.00176822
980 60 0.00210648
1000 0.1 0.18674
1000 0.2 0.0467926
1000 0.3 0.0208345
1000 0.4 0.0116966
1000 0.5 0.00747567
1000 0.6 0.0051952
1000 0.7 0.003828
1000 0.8 0.00292169
1000 0.9 0.00231796
1000 1 0.00187573
1000 2 0.000470685
1000 3 0.000213412
1000 4 0.000125273
1000 5 8.81342e-05
1000 6 7.09064e-05
1000 7 6.37497e-05
1000 8 6.26274e-05
1000 9 6.51641e-05
1000 10 7.04292e-05
1000 11 7.87803e-05
1000 12 8.78718e-05
1000 13 9.92944e-05
1000 14 0.00011171
1000 15 0.000125255
1000 16 0.000140318
1000 17 0.000157444
1000 18 0.000174959
1000 19 0.000192414
1000 20 0.000214151
1000 25 0.000329386
1000 30 0.000471435
1000 35 0.000642025
1000 40 0.000836088
1000 45 0.00105822
1000 50 0.00129985
1000 55 0.00158089
1000 60 0.00187253
1200 0.1 0.0628986
1200 0.2 0.0152198
1200 0.3 0.00698599
1200 0.4 0.00393255
1200 0.5 0.00251448
1200 0.6 0.00174722
1200 0.7 0.00128272
1200 0.8 0.000982704
1200 0.9 0.000775038
1200 1 0.000628774
1200 2 0.000158438
1200 3 7.13327e-05
1200 4 4.20403e-05
1200 5 2.94374e-05
1200 6 2.36682e-05
1200 7 2.1112e-05
1200 8 2.08174e-05
1200 9 2.16269e-05
1200 10 2.35364e-05
1200 11 2.60335e-05
1200 12 2.91771e-05
1200 13 3.28158e-05
1200 14 3.69155e-05
1200 15 4.15999e-05
1200 16 4.6537e-05
1200 17 5.19756e-05
1200 18 5.78627e-05
1200 19 6.40523e-05
1200 20 7.06359e-05
1200 25 0.00010882
1200 30 0.000155881
1200 35 0.000212026
1200 40 0.000276056
1200 45 0.000349374
1200 50 0.000431326
1200 55 0.000521724
1200 60 0.000620501
1400 0.1 0.0434664
1400 0.2 0.00566362
1400 0.3 0.00251406
1400 0.4 0.00141333
1400 0.5 0.000903617
1400 0.6 0.000628887
1400 0.7 0.000461761
1400 0.8 0.000353156
1400 0.9 0.000279064
1400 1 0.000225903
1400 2 5.67536e-05
1400 3 2.56461e-05
1400 4 1.51117e-05
1400 5 1.05748e-05
1400 6 8.48312e-06
1400 7 7.60145e-06
1400 8 7.4528e-06
1400 9 7.74719e-06
1400 10 8.37753e-06
1400 11 9.27138e-06
1400 12 1.03864e-05
1400 13 1.17042e-05
1400 14 1.31268e-05
1400 15 1.4716e-05
1400 16 1.65119e-05
1400 17 1.84761e-05
1400 18 2.05634e-05
1400 19 2.27303e-05
1400 20 2.50539e-05
1400 25 3.85352e-05
1400 30 5.52959e-05
1400 35 7.51521e-05
1400 40 9.82221e-05
1400 45 0.000124001
1400 50 0.000153373
1400 55 0.00018503
1400 60 0.000220595
