200 0.1 77.0654
200 0.2 19.2907
200 0.3 8.57432
200 0.4 4.82878
200 0.5 3.07975
200 0.6 2.1414
200 0.7 1.57118
200 0.8 1.20294
200 0.9 0.949561
200 1 0.770845
200 2 0.192341
200 3 0.086361
200 4 0.0505412
200 5 0.0350799
200 6 0.0282117
200 7 0.025512
200 8 0.025256
200 9 0.0265994
200 10 0.029108
200 11 0.0325616
200 12 0.0367897
200 13 0.0417058
200 14 0.0472839
200 15 0.0533408
200 16 0.0600485
200 17 0.0672463
200 18 0.0748849
200 19 0.0830887
200 20 0.0918406
200 25 0.142338
200 30 0.204865
200 35 0.279091
200 40 0.365219
200 45 0.46175
200 50 0.570404
200 55 0.68986
200 60 0.821364
220 0.1 62.1877
220 0.2 15.5939
220 0.3 6.92693
220 0.4 3.89504
220 0.5 2.49534
220 0.6 1.73056
220 0.7 1.27116
220 0.8 0.974597
220 0.9 0.768396
220 1 0.621532
220 2 0.155411
220 3 0.0699044
220 4 0.0408623
220 5 0.028508
220 6 0.0229472
220 7 0.0207661
220 8 0.0205421
220 9 0.0216381
220 10 0.0236383
220 11 0.0263678
220 12 0.0298061
220 13 0.0337419
220 14 0.038177
220 15 0.0430359
220 16 0.0486767
220 17 0.0542595
220 18 0.0603409
220 19 0.0670423
220 20 0.0739969
220 25 0.114589
220 30 0.164805
220 35 0.223958
220 40 0.292551
220 45 0.370486
220 50 0.457697
220 55 0.553554
220 60 0.658803
240 0.1 50.5933
240 0.2 12.6839
240 0.3 5.63572
240 0.4 3.17564
240 0.5 2.03037
240 0.6 1.41066
240 0.7 1.03543
240 0.8 0.793438
240 0.9 0.62562
240 1 0.508266
240 2 0.127186
240 3 0.0572602
240 4 0.0335068
240 5 0.0234289
240 6 0.0188843
240 7 0.0170575
240 8 0.0168663
240 9 0.0177348
240 10 0.0193911
240 11 0.0216182
240 12 0.0243792
240 13 0.0275458
240 14 0.0311841
240 15 0.0351769
240 16 0.039557
240 17 0.0443032
240 18 0.0493041
240 19 0.0546648
240 20 0.0603312
240 25 0.0933384
240 30 0.1342
240 35 0.182522
240 40 0.238424
240 45 0.301372
240 50 0.372579
240 55 0.451104
240 60 0.536585
260 0.1 41.4042
260 0.2 10.4056
260 0.3 4.61949
260 0.4 2.59242
260 0.5 1.65986
260 0.6 1.15142
260 0.7 0.848629
260 0.8 0.648768
260 0.9 0.51253
260 1 0.417245
260 2 0.104435
260 3 0.0470617
260 4 0.0275922
260 5 0.0193128
260 6 0.0155641
260 7 0.0140387
260 8 0.0138699
260 9 0.0145697
260 10 0.0159185
260 11 0.0177569
260 12 0.0200295
260 13 0.022615
260 14 0.0256035
260 15 0.0288905
260 16 0.0323459
260 17 0.0362413
260 18 0.040383
260 19 0.0446996
260 20 0.0493932
260 25 0.0764514
260 30 0.10975
260 35 0.149154
260 40 0.194908
260 45 0.246622
260 50 0.3049
260 55 0.368365
260 60 0.438599
280 0.1 34.1344
280 0.2 8.54679
280 0.3 3.80139
280 0.4 2.13501
280 0.5 1.36488
280 0.6 0.948437
280 0.7 0.697272
280 0.8 0.533529
280 0.9 0.421489
280 1 0.343322
280 2 0.0860792
280 3 0.0387638
280 4 0.0227599
280 5 0.0159316
280 6 0.0128286
280 7 0.0116158
280 8 0.0114401
280 9 0.0120267
280 10 0.0131169
280 11 0.0146279
280 12 0.0164676
280 13 0.0186213
280 14 0.0210438
280 15 0.0236381
280 16 0.0265835
280 17 0.0297692
280 18 0.0330902
280 19 0.0366928
280 20 0.0405555
280 25 0.0627107
280 30 0.0894944
280 35 0.122463
280 40 0.159849
280 45 0.202173
280 50 0.249828
280 55 0.302205
280 60 0.359714
300 0.1 28.2914
300 0.2 7.06792
300 0.3 3.14967
300 0.4 1.77087
300 0.5 1.13376
300 0.6 0.784977
300 0.7 0.578333
300 0.8 0.442263
300 0.9 0.349046
300 1 0.283715
300 2 0.0711297
300 3 0.0320482
300 4 0.018844
300 5 0.0131878
300 6 0.0106272
300 7 0.00961161
300 8 0.00948445
300 9 0.00995172
300 10 0.0108442
300 11 0.0120942
300 12 0.0136059
300 13 0.0153557
300 14 0.0173676
300 15 0.0195245
300 16 0.0219746
300 17 0.0245558
300 18 0.0273379
300 19 0.030314
300 20 0.0334437
300 25 0.0516864
300 30 0.074257
300 35 0.101014
300 40 0.131755
300 45 0.166958
300 50 0.205881
300 55 0.249025
300 60 0.296416
320 0.1 23.5097
320 0.2 5.90642
320 0.3 2.61749
320 0.4 1.4724
320 0.5 0.943307
320 0.6 0.653304
320 0.7 0.48201
320 0.8 0.367928
320 0.9 0.291465
320 1 0.235731
320 2 0.059021
320 3 0.0266459
320 4 0.0156656
320 5 0.0109611
320 6 0.00884018
320 7 0.00798591
320 8 0.00787147
320 9 0.00826876
320 10 0.00899873
320 11 0.0100318
320 12 0.0112735
320 13 0.0127268
320 14 0.0143929
320 15 0.0162169
320 16 0.0182023
320 17 0.0203267
320 18 0.0226457
320 19 0.0250951
320 20 0.0276622
320 25 0.0427818
320 30 0.0614708
320 35 0.0834783
320 40 0.108936
320 45 0.13782
320 50 0.170312
320 55 0.205984
320 60 0.245104
340 0.1 19.5658
340 0.2 4.90827
340 0.3 2.18188
340 0.4 1.22876
340 0.5 0.786568
340 0.6 0.546198
340 0.7 0.401114
340 0.8 0.307142
340 0.9 0.242533
340 1 0.196794
340 2 0.0493253
340 3 0.0222834
340 4 0.0130816
340 5 0.00917005
340 6 0.00738576
340 7 0.00667874
340 8 0.00657872
340 9 0.00688697
340 10 0.00750647
340 11 0.00835722
340 12 0.009404
340 13 0.0106173
340 14 0.0119986
340 15 0.0134852
340 16 0.0151357
340 17 0.01693
340 18 0.0187984
340 19 0.0208837
340 20 0.0230124
340 25 0.035634
340 30 0.0511309
340 35 0.0694136
340 40 0.0906925
340 45 0.11482
340 50 0.14169
340 55 0.17151
340 60 0.204194
360 0.1 16.385
360 0.2 4.10603
360 0.3 1.82765
360 0.4 1.0935
360 0.5 0.656693
360 0.6 0.456563
360 0.7 0.335024
360 0.8 0.257079
360 0.9 0.202731
360 1 0.164515
360 2 0.0412878
360 3 0.0186266
360 4 0.0109574
360 5 0.00767512
360 6 0.00617504
360 7 0.00558345
360 8 0.00550552
360 9 0.00576278
360 10 0.00628217
360 11 0.00698512
360 12 0.0078584
360 13 0.00886386
360 14 0.01001
360 15 0.0112589
360 16 0.0126496
360 17 0.0141151
360 18 0.0157226
360 19 0.0174191
360 20 0.0192036
360 25 0.02969
360 30 0.0425575
360 35 0.0578746
360 40 0.0756154
360 45 0.0955623
360 50 0.118095
360 55 0.142874
360 60 0.16997
380 0.1 13.7415
380 0.2 3.44656
380 0.3 1.53256
380 0.4 0.86125
380 0.5 0.551968
380 0.6 0.382687
380 0.7 0.281247
380 0.8 0.215792
380 0.9 0.170166
380 1 0.138233
380 2 0.0346424
380 3 0.015642
380 4 0.0091927
380 5 0.0064478
380 6 0.00519214
380 7 0.00468604
380 8 0.0046192
380 9 0.00484618
380 10 0.00526582
380 11 0.00584663
380 12 0.00658171
380 13 0.00742692
380 14 0.00838177
380 15 0.0094437
380 16 0.0105976
380 17 0.0118195
380 18 0.013152
380 19 0.0145729
380 20 0.0160836
380 25 0.0248461
380 30 0.0356275
380 35 0.0484022
380 40 0.0632319
380 45 0.0800775
380 50 0.0988564
380 55 0.119503
380 60 0.142217
400 0.1 11.5867
400 0.2 2.90024
400 0.3 1.29022
400 0.4 0.725183
400 0.5 0.464692
400 0.6 0.322508
400 0.7 0.236961
400 0.8 0.18151
400 0.9 0.143289
400 1 0.116071
400 2 0.0291029
400 3 0.0131432
400 4 0.00773151
400 5 0.00542364
400 6 0.00435854
400 7 0.0039382
400 8 0.0038814
400 9 0.00406739
400 10 0.00442639
400 11 0.0049064
400 12 0.00551949
400 13 0.00623158
400 14 0.00702421
400 15 0.00791985
400 16 0.00887375
400 17 0.0099047
400 18 0.0110301
400 19 0.012222
400 20 0.0134818
400 25 0.0208091
400 30 0.0298195
400 35 0.040584
400 40 0.0529638
400 45 0.067189
400 50 0.0827674
400 55 0.100146
400 60 0.119097
420 0.1 9.80207
420 0.2 2.45409
420 0.3 1.0916
420 0.4 0.613372
420 0.5 0.392972
420 0.6 0.272548
420 0.7 0.200435
420 0.8 0.153493
420 0.9 0.121278
420 1 0.0980861
420 2 0.0245894
420 3 0.0111023
420 4 0.00653685
420 5 0.00457103
420 6 0.00369724
420 7 0.00332416
420 8 0.00327749
420 9 0.00342762
420 10 0.00372203
420 11 0.00413845
420 12 0.00465503
420 13 0.00525562
420 14 0.00592482
420 15 0.00666994
420 16 0.00747786
420 17 0.00836045
420 18 0.00929106
420 19 0.0102902
420 20 0.011356
420 25 0.0175399
420 30 0.025145
420 35 0.0341541
420 40 0.0446433
420 45 0.0564598
420 50 0.0696904
420 55 0.0843387
420 60 0.100286
440 0.1 8.31677
440 0.2 2.08372
440 0.3 0.925999
440 0.4 0.521415
440 0.5 0.333568
440 0.6 0.231701
440 0.7 0.170378
440 0.8 0.130211
440 0.9 0.102826
440 1 0.0830238
440 2 0.0208102
440 3 0.0094138
440 4 0.00553927
440 5 0.00388004
440 6 0.00312516
440 7 0.00280986
440 8 0.00277268
440 9 0.0028984
440 10 0.00315067
440 11 0.00350425
440 12 0.00394228
440 13 0.00444901
440 14 0.00500507
440 15 0.00563837
440 16 0.00632506
440 17 0.00706026
440 18 0.00784977
440 19 0.00869045
440 20 0.00960006
440 25 0.0148449
440 30 0.0212625
440 35 0.0288499
440 40 0.0376962
440 45 0.0476986
440 50 0.0586423
440 55 0.07127
440 60 0.0847289
460 0.1 7.07816
460 0.2 1.77553
460 0.3 0.788923
460 0.4 0.44362
460 0.5 0.283901
460 0.6 0.197269
460 0.7 0.144973
460 0.8 0.110919
460 0.9 0.0876227
460 1 0.0707
460 2 0.0177207
460 3 0.00800854
460 4 0.00471795
460 5 0.00329844
460 6 0.00265868
460 7 0.00240026
460 8 0.00235525
460 9 0.00246891
460 10 0.00268007
460 11 0.00296912
460 12 0.00334406
460 13 0.00376825
460 14 0.00425542
460 15 0.00478071
460 16 0.00536582
460 17 0.00599811
460 18 0.00667077
460 19 0.00739489
460 20 0.00814106
460 25 0.0125787
460 30 0.0180415
460 35 0.024581
460 40 0.0319826
460 45 0.0404765
460 50 0.0499924
460 55 0.0604749
460 60 0.0719022
480 0.1 6.01753
480 0.2 1.50803
480 0.3 0.670385
480 0.4 0.377365
480 0.5 0.241372
480 0.6 0.167858
480 0.7 0.122969
480 0.8 0.0943056
480 0.9 0.0744728
480 1 0.0601086
480 2 0.0150719
480 3 0.00680891
480 4 0.00400659
480 5 0.00280439
480 6 0.00225929
480 7 0.00204249
480 8 0.0020041
480 9 0.00209573
480 10 0.00227554
480 11 0.00252827
480 12 0.00284124
480 13 0.00320147
480 14 0.00361098
480 15 0.00406241
480 16 0.00455465
480 17 0.00508254
480 18 0.00565435
480 19 0.00626338
480 20 0.00690493
480 25 0.0106691
480 30 0.0153
480 35 0.0207739
480 40 0.0271166
480 45 0.0343397
480 50 0.042377
480 55 0.0513073
480 60 0.0609725
500 0.1 5.13515
500 0.2 1.2896
500 0.3 0.572638
500 0.4 0.321756
500 0.5 0.205932
500 0.6 0.143252
500 0.7 0.105129
500 0.8 0.0805589
500 0.9 0.063658
500 1 0.0513137
500 2 0.0128702
500 3 0.00582265
500 4 0.00342651
500 5 0.00239962
500 6 0.0019308
500 7 0.00173822
500 8 0.0017095
500 9 0.00178697
500 10 0.00193861
500 11 0.00215243
500 12 0.00241959
500 13 0.00272711
500 14 0.00307593
500 15 0.00345738
500 16 0.00387972
500 17 0.00433508
500 18 0.00482354
500 19 0.00533649
500 20 0.00589629
500 25 0.00908159
500 30 0.0130305
500 35 0.0177281
500 40 0.0230901
500 45 0.0292146
500 50 0.036073
500 55 0.043641
500 60 0.0519438
520 0.1 4.39459
520 0.2 1.10075
520 0.3 0.490058
520 0.4 0.275375
520 0.5 0.176329
520 0.6 0.122593
520 0.7 0.0900475
520 0.8 0.0688451
520 0.9 0.0545353
520 1 0.0439531
520 2 0.0110401
520 3 0.00497995
520 4 0.00292961
520 5 0.002054
520 6 0.00165196
520 7 0.00148825
520 8 0.00146325
520 9 0.0015289
520 10 0.00165975
520 11 0.00184301
520 12 0.00207005
520 13 0.00233078
520 14 0.00262748
520 15 0.00295922
520 16 0.00331782
520 17 0.00370259
520 18 0.00412035
520 19 0.00456627
520 20 0.00503065
520 25 0.00777644
520 30 0.0111441
520 35 0.0151227
520 40 0.0197377
520 45 0.0249856
520 50 0.0309019
520 55 0.0373217
520 60 0.0443637
540 0.1 3.77833
540 0.2 0.946056
540 0.3 0.421042
540 0.4 0.236484
540 0.5 0.151484
540 0.6 0.105187
540 0.7 0.0772658
540 0.8 0.0591527
540 0.9 0.0467126
540 1 0.037716
540 2 0.00946387
540 3 0.00428219
540 4 0.00252186
540 5 0.00176039
540 6 0.00141728
540 7 0.0012789
540 8 0.00125859
540 9 0.00130478
540 10 0.00141886
540 11 0.00157856
540 12 0.00176463
540 13 0.00199611
540 14 0.00225426
540 15 0.00252995
540 16 0.00283661
540 17 0.00317391
540 18 0.00352723
540 19 0.00391108
540 20 0.00431633
540 25 0.00665259
540 30 0.00953427
540 35 0.0129549
540 40 0.0169214
540 45 0.0214188
540 50 0.0264149
540 55 0.0319434
540 60 0.0380003
560 0.1 3.25597
560 0.2 0.816568
560 0.3 0.362968
560 0.4 0.204064
560 0.5 0.130726
560 0.6 0.0907398
560 0.7 0.0666669
560 0.8 0.0510392
560 0.9 0.0402814
560 1 0.0325284
560 2 0.00815841
560 3 0.00368819
560 4 0.00216969
560 5 0.00151879
560 6 0.00122189
560 7 0.00110067
560 8 0.00108
560 9 0.00112814
560 10 0.00122543
560 11 0.00135902
560 12 0.00152667
560 13 0.0017197
560 14 0.0019379
560 15 0.0021786
560 16 0.00244187
560 17 0.00272671
560 18 0.00303204
560 19 0.00335931
560 20 0.00370494
560 25 0.00571926
560 30 0.00820206
560 35 0.0111464
560 40 0.0145252
560 45 0.0183748
560 50 0.0226746
560 55 0.0274559
560 60 0.0327025
580 0.1 2.80433
580 0.2 0.704184
580 0.3 0.312456
580 0.4 0.176099
580 0.5 0.112633
580 0.6 0.078155
580 0.7 0.0574668
580 0.8 0.0439162
580 0.9 0.0347425
580 1 0.028093
580 2 0.00704915
580 3 0.00318342
580 4 0.00187466
580 5 0.00131322
580 6 0.00105711
580 7 0.000949169
580 8 0.000932777
580 9 0.000974532
580 10 0.00105788
580 11 0.00117082
580 12 0.00131395
580 13 0.00148074
580 14 0.00166879
580 15 0.00188041
580 16 0.00210995
580 17 0.00236104
580 18 0.00261473
580 19 0.00289504
580 20 0.00319466
580 25 0.00492828
580 30 0.00705525
580 35 0.00958627
580 40 0.0125334
580 45 0.0158765
580 50 0.0195672
580 55 0.0236798
580 60 0.0281356
600 0.1 2.429
600 0.2 0.608384
600 0.3 0.270244
600 0.4 0.152214
600 0.5 0.0972906
600 0.6 0.0675703
600 0.7 0.0496678
600 0.8 0.0380359
600 0.9 0.0300433
600 1 0.0242525
600 2 0.0060872
600 3 0.00275677
600 4 0.00162099
600 5 0.00113414
600 6 0.000912243
600 7 0.000819278
600 8 0.000806168
600 9 0.000839836
600 10 0.000912178
600 11 0.00101011
600 12 0.00113339
600 13 0.00127813
600 14 0.00144
600 15 0.0016227
600 16 0.00181801
600 17 0.00202731
600 18 0.00225458
600 19 0.00249429
600 20 0.00275269
600 25 0.00424748
600 30 0.00609397
600 35 0.00826601
600 40 0.0108057
600 45 0.0136513
600 50 0.0168569
600 55 0.0203978
600 60 0.0242648
620 0.1 2.09962
620 0.2 0.52604
620 0.3 0.234312
620 0.4 0.131604
620 0.5 0.0842217
620 0.6 0.0584788
620 0.7 0.0429481
620 0.8 0.0328826
620 0.9 0.0259854
620 1 0.0209978
620 2 0.00527242
620 3 0.00239024
620 4 0.00140587
620 5 0.000985033
620 6 0.000790437
620 7 0.000711654
620 8 0.000705667
620 9 0.000729798
620 10 0.000794289
620 11 0.000880632
620 12 0.000986568
620 13 0.0011116
620 14 0.00125327
620 15 0.00141253
620 16 0.00158166
620 17 0.00176058
620 18 0.00196163
620 19 0.0021717
620 20 0.00239274
620 25 0.00370522
620 30 0.00531327
620 35 0.00720999
620 40 0.00942765
620 45 0.0119094
620 50 0.0146841
620 55 0.0177673
620 60 0.0211229
640 0.1 1.82098
640 0.2 0.457049
640 0.3 0.202861
640 0.4 0.114272
640 0.5 0.0730297
640 0.6 0.0508019
640 0.7 0.0373251
640 0.8 0.0285571
640 0.9 0.0225523
640 1 0.0182614
640 2 0.00459262
640 3 0.0020705
640 4 0.0012185
640 5 0.000852845
640 6 0.00068684
640 7 0.000618644
640 8 0.000607574
640 9 0.000632827
640 10 0.000686977
640 11 0.000761107
640 12 0.000854846
640 13 0.000961899
640 14 0.00108399
640 15 0.00122453
640 16 0.00136747
640 17 0.00152846
640 18 0.00169467
640 19 0.00188272
640 20 0.00207522
640 25 0.00320559
640 30 0.00458893
640 35 0.00623015
640 40 0.00813784
640 45 0.0102943
640 50 0.0127237
640 55 0.0153566
640 60 0.0182964
660 0.1 1.58365
660 0.2 0.397339
660 0.3 0.176268
660 0.4 0.0992804
660 0.5 0.0636072
660 0.6 0.0441039
660 0.7 0.0323877
660 0.8 0.0247903
660 0.9 0.0195935
660 1 0.0158572
660 2 0.00399352
660 3 0.00179889
660 4 0.00105954
660 5 0.000742125
660 6 0.00059673
660 7 0.00053847
660 8 0.000527561
660 9 0.000550126
660 10 0.000596176
660 11 0.000661921
660 12 0.000742794
660 13 0.000835971
660 14 0.000942286
660 15 0.0010591
660 16 0.00118698
660 17 0.00132777
660 18 0.00147248
660 19 0.00163125
660 20 0.00180177
660 25 0.00277884
660 30 0.00398002
660 35 0.00541341
660 40 0.00705666
660 45 0.00892587
660 50 0.0110241
660 55 0.0133396
660 60 0.0158895
680 0.1 1.37366
680 0.2 0.346856
680 0.3 0.153837
680 0.4 0.0863101
680 0.5 0.0552631
680 0.6 0.0384466
680 0.7 0.0282829
680 0.8 0.0216049
680 0.9 0.0171053
680 1 0.0138332
680 2 0.00346763
680 3 0.00157025
680 4 0.000923101
680 5 0.000647644
680 6 0.000519469
680 7 0.000468986
680 8 0.000458697
680 9 0.000479153
680 10 0.000520037
680 11 0.000575357
680 12 0.000643933
680 13 0.000726223
680 14 0.000817615
680 15 0.000921376
680 16 0.00103188
680 17 0.00115654
680 18 0.0012813
680 19 0.001419
680 20 0.00156615
680 25 0.00241423
680 30 0.00346763
680 35 0.0047005
680 40 0.00613896
680 45 0.00776007
680 50 0.00957728
680 55 0.0116003
680 60 0.0137968
700 0.1 1.20114
700 0.2 0.30133
700 0.3 0.133734
700 0.4 0.0754461
700 0.5 0.0482785
700 0.6 0.0335005
700 0.7 0.0246038
700 0.8 0.0188377
700 0.9 0.0149009
700 1 0.0120587
700 2 0.00302978
700 3 0.00136906
700 4 0.00080636
700 5 0.000565155
700 6 0.000453379
700 7 0.000407241
700 8 0.000400025
700 9 0.000426418
700 10 0.000454418
700 11 0.000501929
700 12 0.000561558
700 13 0.000632917
700 14 0.000710801
700 15 0.000802998
700 16 0.00090207
700 17 0.00100361
700 18 0.00111686
700 19 0.00123644
700 20 0.00136649
700 25 0.00210531
700 30 0.00301795
700 35 0.00410175
700 40 0.00535806
700 45 0.0067605
700 50 0.00844998
700 55 0.0101003
700 60 0.0120162
720 0.1 1.04973
720 0.2 0.262866
720 0.3 0.116675
720 0.4 0.0658876
720 0.5 0.0423101
720 0.6 0.029208
720 0.7 0.0214679
720 0.8 0.0164614
720 0.9 0.0130113
720 1 0.0105289
720 2 0.0026396
720 3 0.0011965
720 4 0.000704215
720 5 0.000493437
720 6 0.000396615
720 7 0.0003562
720 8 0.000348929
720 9 0.000364528
720 10 0.000394327
720 11 0.000436821
720 12 0.000490161
720 13 0.000552137
720 14 0.000621654
720 15 0.000700345
720 16 0.000783854
720 17 0.000875149
720 18 0.000973421
720 19 0.0010751
720 20 0.00118739
720 25 0.00182775
720 30 0.00262604
720 35 0.00356434
720 40 0.00465958
720 45 0.00586878
720 50 0.00727442
720 55 0.0087945
720 60 0.0104431
740 0.1 0.917829
740 0.2 0.229411
740 0.3 0.10223
740 0.4 0.0575673
740 0.5 0.0368985
740 0.6 0.0256195
740 0.7 0.0187957
740 0.8 0.0143995
740 0.9 0.011388
740 1 0.00920554
740 2 0.00231157
740 3 0.00104489
740 4 0.000614018
740 5 0.000431125
740 6 0.000345835
740 7 0.00031056
740 8 0.000304079
740 9 0.000317997
740 10 0.000345067
740 11 0.00038077
740 12 0.000427106
740 13 0.000481113
740 14 0.000540369
740 15 0.000609143
740 16 0.000683945
740 17 0.00076398
740 18 0.000846861
740 19 0.000939902
740 20 0.00103517
740 25 0.00159704
740 30 0.00228982
740 35 0.00310274
740 40 0.00406608
740 45 0.0051363
740 50 0.00632214
740 55 0.00765095
740 60 0.00909173
760 0.1 0.803723
760 0.2 0.201579
760 0.3 0.0895144
760 0.4 0.0504317
760 0.5 0.0323154
760 0.6 0.0224014
760 0.7 0.0164904
760 0.8 0.012622
760 0.9 0.00995475
760 1 0.00806941
760 2 0.0020221
760 3 0.000913798
760 4 0.000537301
760 5 0.000376972
760 6 0.000302418
760 7 0.000272542
760 8 0.000266951
760 9 0.000277814
760 10 0.000300816
760 11 0.000334289
760 12 0.000374024
760 13 0.000419891
760 14 0.000474382
760 15 0.000533879
760 16 0.000599365
760 17 0.000666018
760 18 0.000741258
760 19 0.000821682
760 20 0.000904236
760 25 0.00139552
760 30 0.00200263
760 35 0.00271863
760 40 0.00354501
760 45 0.00448461
760 50 0.005541
760 55 0.00670957
760 60 0.00797426
780 0.1 0.705194
780 0.2 0.177003
780 0.3 0.0786632
780 0.4 0.0441948
780 0.5 0.028307
780 0.6 0.0196709
780 0.7 0.0144524
780 0.8 0.0110258
780 0.9 0.00876024
780 1 0.00706063
780 2 0.00178133
780 3 0.000801452
780 4 0.00047192
780 5 0.000331547
780 6 0.00026524
780 7 0.000238985
780 8 0.000234096
780 9 0.000239756
780 10 0.000263623
780 11 0.000292048
780 12 0.000327727
780 13 0.000369674
780 14 0.000416435
780 15 0.000468584
780 16 0.000524768
780 17 0.000585819
780 18 0.000650615
780 19 0.000719281
780 20 0.000797164
780 25 0.00122215
780 30 0.00175702
780 35 0.00238304
780 40 0.00312024
780 45 0.00393154
780 50 0.00485284
780 55 0.00588654
780 60 0.00698922
800 0.1 0.620409
800 0.2 0.154194
800 0.3 0.0691737
800 0.4 0.0387844
800 0.5 0.0249314
800 0.6 0.0172598
800 0.7 0.0127126
800 0.8 0.00970316
800 0.9 0.00767104
800 1 0.00622627
800 2 0.00156259
800 3 0.000705309
800 4 0.000414846
800 5 0.000291083
800 6 0.000233113
800 7 0.000210082
800 8 0.000205271
800 9 0.000213458
800 10 0.000235826
800 11 0.000256921
800 12 0.000287438
800 13 0.00032375
800 14 0.000364816
800 15 0.000410455
800 16 0.000459187
800 17 0.000512243
800 18 0.000569322
800 19 0.000631042
800 20 0.000695718
800 25 0.00107383
800 30 0.00154085
800 35 0.00208863
800 40 0.00272839
800 45 0.00345797
800 50 0.00425034
800 55 0.00515163
800 60 0.00613316
820 0.1 0.546254
820 0.2 0.13723
820 0.3 0.0607417
820 0.4 0.0342473
820 0.5 0.0219636
820 0.6 0.0152316
820 0.7 0.0111471
820 0.8 0.00856255
820 0.9 0.00676192
820 1 0.00547153
820 2 0.0013725
820 3 0.000623286
820 4 0.000366659
820 5 0.000255756
820 6 0.000205658
820 7 0.000184859
820 8 0.000181243
820 9 0.000188434
820 10 0.000203762
820 11 0.000226043
820 12 0.000253377
820 13 0.000285182
820 14 0.000320088
820 15 0.000361448
820 16 0.000404298
820 17 0.000451713
820 18 0.000500182
820 19 0.000554519
820 20 0.000611478
820 25 0.000946458
820 30 0.00135777
820 35 0.00183437
820 40 0.00239797
820 45 0.00303381
820 50 0.00374498
820 55 0.00451714
820 60 0.00538837
840 0.1 0.482607
840 0.2 0.120309
840 0.3 0.0536213
840 0.4 0.0301365
840 0.5 0.0193138
840 0.6 0.0134026
840 0.7 0.0103387
840 0.8 0.00755936
840 0.9 0.00596707
840 1 0.00482952
840 2 0.00120994
840 3 0.000546673
840 4 0.000322602
840 5 0.000225218
840 6 0.000181124
840 7 0.000162575
840 8 0.000159231
840 9 0.000165576
840 10 0.000178666
840 11 0.000198979
840 12 0.000222359
840 13 0.000250111
840 14 0.000281631
840 15 0.000316703
840 16 0.000354885
840 17 0.000395545
840 18 0.000440459
840 19 0.000487788
840 20 0.000537113
840 25 0.000828746
840 30 0.00119065
840 35 0.00161858
840 40 0.00211024
840 45 0.00266974
840 50 0.00329175
840 55 0.00398164
840 60 0.00473442
860 0.1 0.424226
860 0.2 0.106261
860 0.3 0.0474181
860 0.4 0.0266062
860 0.5 0.0170646
860 0.6 0.0118319
860 0.7 0.00858804
860 0.8 0.00665314
860 0.9 0.00526426
860 1 0.00426457
860 2 0.00106839
860 3 0.000482594
860 4 0.000284386
860 5 0.000198278
860 6 0.000159731
860 7 0.000143332
860 8 0.000140175
860 9 0.000146058
860 10 0.000157786
860 11 0.000175268
860 12 0.000195894
860 13 0.000220754
860 14 0.000248495
860 15 0.000278412
860 16 0.000312107
860 17 0.00034956
860 18 0.000387647
860 19 0.000429207
860 20 0.000473583
860 25 0.000729301
860 30 0.00104839
860 35 0.00142361
860 40 0.0018544
860 45 0.00234816
860 50 0.00289868
860 55 0.00351118
860 60 0.00415274
880 0.1 0.374447
880 0.2 0.0940871
880 0.3 0.0418651
880 0.4 0.023513
880 0.5 0.01504
880 0.6 0.0104369
880 0.7 0.00765061
880 0.8 0.00586147
880 0.9 0.0046398
880 1 0.00376141
880 2 0.000947842
880 3 0.000426084
880 4 0.000250924
880 5 0.000175972
880 6 0.000140898
880 7 0.000126689
880 8 0.000123848
880 9 0.000128764
880 10 0.000139326
880 11 0.000153948
880 12 0.000172886
880 13 0.00019486
880 14 0.000218426
880 15 0.0002439
880 16 0.000276942
880 17 0.00030797
880 18 0.000331327
880 19 0.00037911
880 20 0.000417806
880 25 0.000641066
880 30 0.000922664
880 35 0.00125581
880 40 0.00163962
880 45 0.00206958
880 50 0.00255295
880 55 0.00309655
880 60 0.00371217
900 0.1 0.331767
900 0.2 0.083146
900 0.3 0.0370192
900 0.4 0.020739
900 0.5 0.0132964
900 0.6 0.00924222
900 0.7 0.00678323
900 0.8 0.00520731
900 0.9 0.00410384
900 1 0.00317531
900 2 0.000835336
900 3 0.000377173
900 4 0.000222427
900 5 0.000155518
900 6 0.000124643
900 7 0.000111785
900 8 0.00010953
900 9 0.000114038
900 10 0.000123128
900 11 0.000136711
900 12 0.000152784
900 13 0.00017187
900 14 0.000193794
900 15 0.000217911
900 16 0.000243745
900 17 0.000272377
900 18 0.000302717
900 19 0.000335075
900 20 0.000369025
900 25 0.000569983
900 30 0.000818207
900 35 0.00110604
900 40 0.00144572
900 45 0.00183121
900 50 0.002258
900 55 0.0027581
900 60 0.00325529
920 0.1 0.294106
920 0.2 0.0735601
920 0.3 0.0327047
920 0.4 0.0184579
920 0.5 0.0117515
920 0.6 0.00816121
920 0.7 0.00602784
920 0.8 0.00459861
920 0.9 0.00364121
920 1 0.00294917
920 2 0.000740476
920 3 0.000334465
920 4 0.000196795
920 5 0.000137387
920 6 0.00011035
920 7 0.000114197
920 8 0.000109968
920 9 0.000110707
920 10 0.000108659
920 11 0.000118829
920 12 0.000134995
920 13 0.000151989
920 14 0.000171613
920 15 0.000198883
920 16 0.000215813
920 17 0.000240955
920 18 0.000267124
920 19 0.000296449
920 20 0.000325845
920 25 0.000503611
920 30 0.000721101
920 35 0.000981036
920 40 0.00127813
920 45 0.00161623
920 50 0.00199806
920 55 0.00241603
920 60 0.00287544
940 0.1 0.260633
940 0.2 0.0652093
940 0.3 0.028924
940 0.4 0.0163084
940 0.5 0.0104316
940 0.6 0.007247
940 0.7 0.00533093
940 0.8 0.0040784
940 0.9 0.00321979
940 1 0.00260232
940 2 0.000655336
940 3 0.000296503
940 4 0.000174557
940 5 0.000121935
940 6 9.80742e-05
940 7 8.68918e-05
940 8 8.42205e-05
940 9 8.93874e-05
940 10 9.62203e-05
940 11 0.000107266
940 12 0.000119676
940 13 0.000134513
940 14 0.000151527
940 15 0.000170167
940 16 0.000190996
940 17 0.000212942
940 18 0.000237034
940 19 0.00026174
940 20 0.000289258
940 25 0.000445436
940 30 0.000638799
940 35 0.000867186
940 40 0.00113199
940 45 0.00142973
940 50 0.00176624
940 55 0.0021387
940 60 0.0025474
960 0.1 0.230917
960 0.2 0.0577395
960 0.3 0.0257031
960 0.4 0.0144589
960 0.5 0.0092618
960 0.6 0.00643074
960 0.7 0.00472593
960 0.8 0.0036141
960 0.9 0.00285491
960 1 0.002317
960 2 0.000583033
960 3 0.000263427
960 4 0.000154348
960 5 0.000108287
960 6 8.67016e-05
960 7 7.78805e-05
960 8 7.57304e-05
960 9 7.92793e-05
960 10 8.55237e-05
960 11 9.4502e-05
960 12 0.000105773
960 13 0.000119226
960 14 0.000134317
960 15 0.00015077
960 16 0.000168958
960 17 0.000188627
960 18 0.000209767
960 19 0.000232575
960 20 0.000255561
960 25 0.000395754
960 30 0.00056248
960 35 0.000767272
960 40 0.00100343
960 45 0.00126708
960 50 0.00156194
960 55 0.00188869
960 60 0.00225658
980 0.1 0.205116
980 0.2 0.0513589
980 0.3 0.0228301
980 0.4 0.0128341
980 0.5 0.0082287
980 0.6 0.00571772
980 0.7 0.00419575
980 0.8 0.00321966
980 0.9 0.00261287
980 1 0.00205993
980 2 0.000514167
980 3 0.000233361
980 4 0.000137759
980 5 9.60402e-05
980 6 7.69048e-05
980 7 6.89191e-05
980 8 6.75839e-05
980 9 7.0234e-05
980 10 7.60192e-05
980 11 8.40067e-05
980 12 9.39496e-05
980 13 0.000105816
980 14 0.00011904
980 15 0.000133793
980 16 0.000150045
980 17 0.000167271
980 18 0.000185941
980 19 0.000205831
980 20 0.000225919
980 25 0.000350074
980 30 0.00050183
980 35 0.000680843
980 40 0.00089136
980 45 0.00112262
980 50 0.00138723
980 55 0.00168087
980 60 0.00199443
1000 0.1 0.18229
1000 0.2 0.0457091
1000 0.3 0.0203154
1000 0.4 0.0114398
1000 0.5 0.00730357
1000 0.6 0.00506516
1000 0.7 0.00373028
1000 0.8 0.00284521
1000 0.9 0.00225733
1000 1 0.00183142
1000 2 0.000459864
1000 3 0.000207018
1000 4 0.000122465
1000 5 8.53248e-05
1000 6 6.84657e-05
1000 7 6.14738e-05
1000 8 5.99907e-05
1000 9 6.23489e-05
1000 10 6.74234e-05
1000 11 7.45932e-05
1000 12 8.33542e-05
1000 13 9.39748e-05
1000 14 0.000105713
1000 15 0.00011759
1000 16 0.000133088
1000 17 0.00014785
1000 18 0.000165196
1000 19 0.000182936
1000 20 0.000201746
1000 25 0.000310451
1000 30 0.000445447
1000 35 0.00060525
1000 40 0.000799218
1000 45 0.000999725
1000 50 0.00123176
1000 55 0.0014932
1000 60 0.00177521
1200 0.1 0.0590172
1200 0.2 0.0147647
1200 0.3 0.00656273
1200 0.4 0.00369412
1200 0.5 0.00236418
1200 0.6 0.00164126
1200 0.7 0.00120578
1200 0.8 0.000922836
1200 0.9 0.000729205
1200 1 0.000591166
1200 2 0.000148208
1200 3 6.68855e-05
1200 4 3.94538e-05
1200 5 2.74849e-05
1200 6 2.20014e-05
1200 7 1.96839e-05
1200 8 1.91837e-05
1200 9 1.99687e-05
1200 10 2.15334e-05
1200 11 2.37951e-05
1200 12 2.66665e-05
1200 13 2.98611e-05
1200 14 3.36388e-05
1200 15 3.78494e-05
1200 16 4.23448e-05
1200 17 4.72645e-05
1200 18 5.25311e-05
1200 19 5.84961e-05
1200 20 6.39935e-05
1200 25 9.88017e-05
1200 30 0.000141158
1200 35 0.000192374
1200 40 0.000250733
1200 45 0.000317292
1200 50 0.000391509
1200 55 0.00047237
1200 60 0.000564154
1400 0.1 0.0203339
1400 0.2 0.00510027
1400 0.3 0.00226756
1400 0.4 0.00127809
1400 0.5 0.000858866
1400 0.6 0.000566501
1400 0.7 0.00041582
1400 0.8 0.000318677
1400 0.9 0.000251577
1400 1 0.000203686
1400 2 5.10805e-05
1400 3 2.31032e-05
1400 4 1.45984e-05
1400 5 9.45986e-06
1400 6 7.5629e-06
1400 7 6.77315e-06
1400 8 6.60101e-06
1400 9 6.84758e-06
1400 10 7.35652e-06
1400 11 8.13896e-06
1400 12 9.09021e-06
1400 13 1.02199e-05
1400 14 1.14738e-05
1400 15 1.29037e-05
1400 16 1.44724e-05
1400 17 1.61089e-05
1400 18 1.7927e-05
1400 19 1.9808e-05
1400 20 2.18349e-05
1400 25 3.36784e-05
1400 30 4.82315e-05
1400 35 6.55934e-05
1400 40 8.55493e-05
1400 45 0.000108306
1400 50 0.000133608
1400 55 0.000161563
1400 60 0.000218195
