200 0.1 76.0436
200 0.2 19.0462
200 0.3 8.4701
200 0.4 4.75582
200 0.5 3.04675
200 0.6 2.11516
200 0.7 1.55423
200 0.8 1.18926
200 0.9 0.92956
200 1 0.758048
200 2 0.1893
200 3 0.084934
200 4 0.0498636
200 5 0.034777
200 6 0.0279632
200 7 0.0253527
200 8 0.0250761
200 9 0.0265081
200 10 0.0291261
200 11 0.0325952
200 12 0.0367198
200 13 0.0418375
200 14 0.0474067
200 15 0.0534182
200 16 0.0602901
200 17 0.0673007
200 18 0.0749794
200 19 0.083298
200 20 0.0920401
200 25 0.142774
200 30 0.20544
200 35 0.280014
200 40 0.365716
200 45 0.462255
200 50 0.573041
200 55 0.691022
200 60 0.824046
220 0.1 61.3168
220 0.2 15.3786
220 0.3 6.83165
220 0.4 3.83726
220 0.5 2.45941
220 0.6 1.70631
220 0.7 1.25343
220 0.8 0.96459
220 0.9 0.76043
220 1 0.611621
220 2 0.153026
220 3 0.0687363
220 4 0.0402479
220 5 0.028095
220 6 0.0226702
220 7 0.0205573
220 8 0.0203832
220 9 0.0214956
220 10 0.0235484
220 11 0.0262861
220 12 0.02971
220 13 0.0337499
220 14 0.0380804
220 15 0.0430556
220 16 0.0484202
220 17 0.0542417
220 18 0.0604597
220 19 0.0670654
220 20 0.0740269
220 25 0.114721
220 30 0.164969
220 35 0.224687
220 40 0.293241
220 45 0.3705
220 50 0.457493
220 55 0.55387
220 60 0.660367
240 0.1 49.9011
240 0.2 12.5011
240 0.3 5.54472
240 0.4 3.12571
240 0.5 2.001
240 0.6 1.38944
240 0.7 1.02143
240 0.8 0.779264
240 0.9 0.617197
240 1 0.49893
240 2 0.124916
240 3 0.0562759
240 4 0.0330532
240 5 0.0231123
240 6 0.018667
240 7 0.0168898
240 8 0.0167472
240 9 0.0176207
240 10 0.0192866
240 11 0.0215584
240 12 0.0243074
240 13 0.0275248
240 14 0.0311408
240 15 0.0351344
240 16 0.0394548
240 17 0.044158
240 18 0.0491299
240 19 0.0545085
240 20 0.0601723
240 25 0.0931806
240 30 0.133828
240 35 0.182135
240 40 0.237911
240 45 0.301023
240 50 0.371982
240 55 0.450132
240 60 0.535491
260 0.1 40.7336
260 0.2 10.1942
260 0.3 4.53447
260 0.4 2.55133
260 0.5 1.63173
260 0.6 1.13348
260 0.7 0.832194
260 0.8 0.637981
260 0.9 0.5041
260 1 0.409266
260 2 0.102457
260 3 0.0461446
260 4 0.0270767
260 5 0.0189665
260 6 0.0152932
260 7 0.0138664
260 8 0.0137396
260 9 0.0145017
260 10 0.015795
260 11 0.0176533
260 12 0.0198956
260 13 0.022505
260 14 0.0254688
260 15 0.028755
260 16 0.0322771
260 17 0.0360998
260 18 0.0402149
260 19 0.0445753
260 20 0.04906
260 25 0.0761824
260 30 0.109485
260 35 0.148859
260 40 0.194156
260 45 0.246001
260 50 0.303615
260 55 0.367364
260 60 0.436945
280 0.1 33.4603
280 0.2 8.38754
280 0.3 3.72496
280 0.4 2.09835
280 0.5 1.34104
280 0.6 0.931501
280 0.7 0.684961
280 0.8 0.523193
280 0.9 0.414169
280 1 0.335028
280 2 0.083934
280 3 0.0377969
280 4 0.022209
280 5 0.0155774
280 6 0.012543
280 7 0.0113962
280 8 0.0112699
280 9 0.0118465
280 10 0.0129503
280 11 0.0144561
280 12 0.0162904
280 13 0.0184087
280 14 0.0208184
280 15 0.0234894
280 16 0.02641
280 17 0.0295208
280 18 0.0329312
280 19 0.0364153
280 20 0.0402374
280 25 0.0622233
280 30 0.0893818
280 35 0.121543
280 40 0.158717
280 45 0.200759
280 50 0.247731
280 55 0.300051
280 60 0.357227
300 0.1 27.6366
300 0.2 6.92009
300 0.3 3.07515
300 0.4 1.73259
300 0.5 1.10711
300 0.6 0.768848
300 0.7 0.565176
300 0.8 0.432285
300 0.9 0.341934
300 1 0.27662
300 2 0.0693174
300 3 0.0312847
300 4 0.0183889
300 5 0.0129084
300 6 0.010406
300 7 0.00943496
300 8 0.00934197
300 9 0.00982517
300 10 0.0107145
300 11 0.0119536
300 12 0.0134728
300 13 0.0152289
300 14 0.0172076
300 15 0.0194107
300 16 0.021772
300 17 0.0242784
300 18 0.0270961
300 19 0.030017
300 20 0.0331228
300 25 0.0512547
300 30 0.0735616
300 35 0.0999562
300 40 0.13056
300 45 0.165231
300 50 0.203911
300 55 0.246766
300 60 0.29372
320 0.1 22.892
320 0.2 5.73448
320 0.3 2.54966
320 0.4 1.43343
320 0.5 0.917748
320 0.6 0.636851
320 0.7 0.468042
320 0.8 0.358109
320 0.9 0.282975
320 1 0.229556
320 2 0.0575613
320 3 0.0259961
320 4 0.0152866
320 5 0.0107196
320 6 0.0086503
320 7 0.00783399
320 8 0.00774312
320 9 0.00815334
320 10 0.00889148
320 11 0.00991198
320 12 0.0111632
320 13 0.0126048
320 14 0.0142669
320 15 0.0160627
320 16 0.0180269
320 17 0.0201572
320 18 0.0224231
320 19 0.0248512
320 20 0.0274164
320 25 0.0423834
320 30 0.060877
320 35 0.0827363
320 40 0.107958
320 45 0.136732
320 50 0.168797
320 55 0.204125
320 60 0.242982
340 0.1 19.0511
340 0.2 4.77047
340 0.3 2.12217
340 0.4 1.19383
340 0.5 0.763588
340 0.6 0.530467
340 0.7 0.388973
340 0.8 0.297917
340 0.9 0.235624
340 1 0.191
340 2 0.0478644
340 3 0.0215855
340 4 0.0127036
340 5 0.0089198
340 6 0.00720071
340 7 0.00651484
340 8 0.00644169
340 9 0.00677067
340 10 0.0073803
340 11 0.0082244
340 12 0.00925294
340 13 0.0104551
340 14 0.0118112
340 15 0.0133085
340 16 0.0149357
340 17 0.0167077
340 18 0.0185877
340 19 0.0205994
340 20 0.0227188
340 25 0.0351408
340 30 0.0503954
340 35 0.0685066
340 40 0.0895
340 45 0.113181
340 50 0.139742
340 55 0.169215
340 60 0.201267
360 0.1 15.8617
360 0.2 3.97766
360 0.3 1.76523
360 0.4 0.993397
360 0.5 0.636277
360 0.6 0.441283
360 0.7 0.324598
360 0.8 0.248295
360 0.9 0.196401
360 1 0.158938
360 2 0.0398337
360 3 0.0180366
360 4 0.0105913
360 5 0.00743619
360 6 0.00599623
360 7 0.00542463
360 8 0.00536243
360 9 0.00563536
360 10 0.00613831
360 11 0.00685704
360 12 0.00769744
360 13 0.00859309
360 14 0.0098084
360 15 0.0110497
360 16 0.0124203
360 17 0.0138631
360 18 0.0154267
360 19 0.017082
360 20 0.0188864
360 25 0.029268
360 30 0.041788
360 35 0.056838
360 40 0.0742693
360 45 0.0937957
360 50 0.115898
360 55 0.140303
360 60 0.166816
380 0.1 13.2912
380 0.2 3.32937
380 0.3 1.47958
380 0.4 0.832037
380 0.5 0.532144
380 0.6 0.370188
380 0.7 0.271844
380 0.8 0.208269
380 0.9 0.164414
380 1 0.133161
380 2 0.0334102
380 3 0.0150768
380 4 0.00886998
380 5 0.00622932
380 6 0.00502416
380 7 0.004548
380 8 0.0044907
380 9 0.00471782
380 10 0.00513247
380 11 0.00572515
380 12 0.00643527
380 13 0.00726464
380 14 0.0082052
380 15 0.00924073
380 16 0.0103789
380 17 0.0115999
380 18 0.0129106
380 19 0.0142913
380 20 0.0157555
380 25 0.0243594
380 30 0.0349484
380 35 0.0474852
380 40 0.061966
380 45 0.0784848
380 50 0.0968745
380 55 0.117134
380 60 0.139451
400 0.1 11.1752
400 0.2 2.79983
400 0.3 1.24208
400 0.4 0.700035
400 0.5 0.448209
400 0.6 0.311235
400 0.7 0.228486
400 0.8 0.174732
400 0.9 0.138194
400 1 0.111417
400 2 0.0279294
400 3 0.0126237
400 4 0.00743769
400 5 0.00521015
400 6 0.00420844
400 7 0.00380188
400 8 0.00375789
400 9 0.00394066
400 10 0.00429149
400 11 0.00477219
400 12 0.0053756
400 13 0.00606997
400 14 0.00683596
400 15 0.00771108
400 16 0.00865327
400 17 0.00967978
400 18 0.0107624
400 19 0.0119181
400 20 0.0131534
400 25 0.0203233
400 30 0.0291549
400 35 0.039595
400 40 0.0517307
400 45 0.0654105
400 50 0.0808018
400 55 0.0976947
400 60 0.116285
420 0.1 9.43277
420 0.2 2.36344
420 0.3 1.05076
420 0.4 0.590825
420 0.5 0.378078
420 0.6 0.26258
420 0.7 0.192901
420 0.8 0.147766
420 0.9 0.116719
420 1 0.0938498
420 2 0.0235634
420 3 0.010643
420 4 0.00626385
420 5 0.00439931
420 6 0.00354892
420 7 0.00320949
420 8 0.00316925
420 9 0.00331958
420 10 0.0036089
420 11 0.00402472
420 12 0.00451868
420 13 0.00510308
420 14 0.0057578
420 15 0.00648969
420 16 0.00727725
420 17 0.00812573
420 18 0.00905283
420 19 0.0100166
420 20 0.0110616
420 25 0.0170852
420 30 0.0245228
420 35 0.0333335
420 40 0.0434693
420 45 0.0549866
420 50 0.0678285
420 55 0.0821802
420 60 0.0976694
440 0.1 7.95692
440 0.2 1.99335
440 0.3 0.886584
440 0.4 0.498744
440 0.5 0.318482
440 0.6 0.221623
440 0.7 0.162725
440 0.8 0.124628
440 0.9 0.0985019
440 1 0.079316
440 2 0.0198778
440 3 0.00898364
440 4 0.00529138
440 5 0.00371463
440 6 0.00299433
440 7 0.002715
440 8 0.0026704
440 9 0.00279981
440 10 0.00304662
440 11 0.00338999
440 12 0.0038114
440 13 0.00430244
440 14 0.00485209
440 15 0.00547073
440 16 0.00613238
440 17 0.00684386
440 18 0.00763276
440 19 0.0084423
440 20 0.00930384
440 25 0.0143921
440 30 0.0206495
440 35 0.0280133
440 40 0.0365759
440 45 0.0463339
440 50 0.0572242
440 55 0.0692365
440 60 0.0822695
460 0.1 6.74535
460 0.2 1.68735
460 0.3 0.750905
460 0.4 0.421681
460 0.5 0.270358
460 0.6 0.18818
460 0.7 0.137853
460 0.8 0.105655
460 0.9 0.0833871
460 1 0.0672644
460 2 0.0168717
460 3 0.00761965
460 4 0.00448799
460 5 0.00314752
460 6 0.00253826
460 7 0.00229471
460 8 0.00226433
460 9 0.00237122
460 10 0.00257805
460 11 0.00286985
460 12 0.00322767
460 13 0.00363968
460 14 0.00410594
460 15 0.00462405
460 16 0.00519087
460 17 0.00579381
460 18 0.00643926
460 19 0.00714201
460 20 0.00788057
460 25 0.0121654
460 30 0.0174309
460 35 0.023693
460 40 0.030926
460 45 0.0391322
460 50 0.0483238
460 55 0.0584383
460 60 0.0695838
480 0.1 5.71453
480 0.2 1.43425
480 0.3 0.638086
480 0.4 0.358963
480 0.5 0.229487
480 0.6 0.159441
480 0.7 0.11708
480 0.8 0.0895377
480 0.9 0.0708322
480 1 0.0571437
480 2 0.0143298
480 3 0.00647973
480 4 0.00382606
480 5 0.00267013
480 6 0.00215348
480 7 0.00195264
480 8 0.00192391
480 9 0.00201424
480 10 0.00219279
480 11 0.00243555
480 12 0.00273961
480 13 0.0030878
480 14 0.00349357
480 15 0.00392254
480 16 0.00439779
480 17 0.00492307
480 18 0.0054679
480 19 0.0060532
480 20 0.00667558
480 25 0.0103153
480 30 0.0148202
480 35 0.0201046
480 40 0.0262333
480 45 0.033231
480 50 0.0409605
480 55 0.0495983
480 60 0.0589614
500 0.1 4.88416
500 0.2 1.22175
500 0.3 0.542896
500 0.4 0.30549
500 0.5 0.195441
500 0.6 0.135635
500 0.7 0.0996888
500 0.8 0.076328
500 0.9 0.0603129
500 1 0.048591
500 2 0.0121824
500 3 0.00550989
500 4 0.00324566
500 5 0.00227806
500 6 0.00183424
500 7 0.00165788
500 8 0.00163465
500 9 0.00171032
500 10 0.00186099
500 11 0.00206892
500 12 0.0023245
500 13 0.00262175
500 14 0.00295585
500 15 0.00332568
500 16 0.00373236
500 17 0.00417144
500 18 0.00463543
500 19 0.00513763
500 20 0.00566085
500 25 0.00874625
500 30 0.0125445
500 35 0.0170619
500 40 0.0222559
500 45 0.0281345
500 50 0.0347231
500 55 0.0420186
500 60 0.0500183
520 0.1 4.15752
520 0.2 1.041
520 0.3 0.462706
520 0.4 0.260427
520 0.5 0.166538
520 0.6 0.115921
520 0.7 0.0850916
520 0.8 0.0651438
520 0.9 0.0514532
520 1 0.0414938
520 2 0.0104041
520 3 0.00471467
520 4 0.00277616
520 5 0.00194593
520 6 0.00156571
520 7 0.00141331
520 8 0.00139344
520 9 0.00146263
520 10 0.00158588
520 11 0.00176567
520 12 0.00198111
520 13 0.00223592
520 14 0.0026
520 15 0.00283892
520 16 0.00317921
520 17 0.00355579
520 18 0.00395125
520 19 0.00437732
520 20 0.00482985
520 25 0.00744952
520 30 0.0107036
520 35 0.0145381
520 40 0.0189471
520 45 0.023982
520 50 0.0295942
520 55 0.0358165
520 60 0.0425962
540 0.1 3.55867
540 0.2 0.892213
540 0.3 0.396438
540 0.4 0.223207
540 0.5 0.142765
540 0.6 0.0991402
540 0.7 0.07277
540 0.8 0.0557621
540 0.9 0.0440553
540 1 0.0355275
540 2 0.00891627
540 3 0.00402453
540 4 0.00237252
540 5 0.00166538
540 6 0.00134153
540 7 0.00121127
540 8 0.00119301
540 9 0.00124749
540 10 0.00135698
540 11 0.00150841
540 12 0.00169429
540 13 0.00190982
540 14 0.00215196
540 15 0.0024229
540 16 0.00272167
540 17 0.00303105
540 18 0.00337957
540 19 0.00373967
540 20 0.0041276
540 25 0.00637023
540 30 0.00912738
540 35 0.0124171
540 40 0.0161822
540 45 0.0204917
540 50 0.0252953
540 55 0.0306149
540 60 0.036404
560 0.1 3.04806
560 0.2 0.764847
560 0.3 0.340211
560 0.4 0.191239
560 0.5 0.122267
560 0.6 0.082739
560 0.7 0.06166
560 0.8 0.04777
560 0.9 0.0377952
560 1 0.0305121
560 2 0.00765445
560 3 0.00346076
560 4 0.00203717
560 5 0.00142936
560 6 0.00115341
560 7 0.00104018
560 8 0.00102449
560 9 0.00107144
560 10 0.00116397
560 11 0.00129177
560 12 0.00145198
560 13 0.00163623
560 14 0.00184556
560 15 0.00207887
560 16 0.00232913
560 17 0.00260522
560 18 0.00289729
560 19 0.00320269
560 20 0.00353202
560 25 0.00546057
560 30 0.00782005
560 35 0.0106273
560 40 0.0138902
560 45 0.0175264
560 50 0.0216611
560 55 0.0262103
560 60 0.0311973
580 0.1 2.62212
580 0.2 0.657409
580 0.3 0.291928
580 0.4 0.16443
580 0.5 0.105171
580 0.6 0.0730275
580 0.7 0.05346
580 0.8 0.0410516
580 0.9 0.0324512
580 1 0.0262239
580 2 0.00658886
580 3 0.00297591
580 4 0.00175264
580 5 0.00123024
580 6 0.000990607
580 7 0.000893282
580 8 0.000879578
580 9 0.000919668
580 10 0.00100039
580 11 0.00111127
580 12 0.00124916
580 13 0.00140513
580 14 0.0015857
580 15 0.0017847
580 16 0.00200068
580 17 0.0022362
580 18 0.00248182
580 19 0.00274664
580 20 0.0030341
580 25 0.00468468
580 30 0.00671083
580 35 0.00912889
580 40 0.0119126
580 45 0.0150753
580 50 0.0185841
580 55 0.0225006
580 60 0.0267939
600 0.1 2.25758
600 0.2 0.566029
600 0.3 0.251362
600 0.4 0.141333
600 0.5 0.0904385
600 0.6 0.0627933
600 0.7 0.0461589
600 0.8 0.0353599
600 0.9 0.0279219
600 1 0.0226038
600 2 0.00565739
600 3 0.00256245
600 4 0.00150785
600 5 0.00105578
600 6 0.000853548
600 7 0.000769676
600 8 0.00075655
600 9 0.000790868
600 10 0.00086082
600 11 0.000957143
600 12 0.00107285
600 13 0.00120738
600 14 0.00136249
600 15 0.00152953
600 16 0.00171581
600 17 0.0019181
600 18 0.00213511
600 19 0.0023599
600 20 0.00260446
600 25 0.00402166
600 30 0.00576978
600 35 0.00783991
600 40 0.0102268
600 45 0.012956
600 50 0.0159736
600 55 0.0193139
600 60 0.0229981
620 0.1 1.9449
620 0.2 0.48789
620 0.3 0.21686
620 0.4 0.121947
620 0.5 0.0780897
620 0.6 0.05347
620 0.7 0.0397892
620 0.8 0.03298
620 0.9 0.0241184
620 1 0.0190614
620 2 0.00478752
620 3 0.00215913
620 4 0.00127208
620 5 0.00089393
620 6 0.000721583
620 7 0.000650653
620 8 0.000639825
620 9 0.000668926
620 10 0.000726656
620 11 0.000805855
620 12 0.000904143
620 13 0.00102262
620 14 0.00115013
620 15 0.00129684
620 16 0.00145477
620 17 0.00162344
620 18 0.00180222
620 19 0.00200139
620 20 0.00220682
620 25 0.00340785
620 30 0.00489022
620 35 0.00663346
620 40 0.00864948
620 45 0.0109633
620 50 0.0135225
620 55 0.0163472
620 60 0.0194712
640 0.1 1.68423
640 0.2 0.421767
640 0.3 0.187649
640 0.4 0.105268
640 0.5 0.0674784
640 0.6 0.0468605
640 0.7 0.03432
640 0.8 0.0263286
640 0.9 0.0208272
640 1 0.0164464
640 2 0.00412768
640 3 0.00186653
640 4 0.0011008
640 5 0.000772835
640 6 0.000623049
640 7 0.000559852
640 8 0.000552188
640 9 0.000577311
640 10 0.000628238
640 11 0.000697083
640 12 0.000782812
640 13 0.000883966
640 14 0.000994957
640 15 0.00111985
640 16 0.00125537
640 17 0.0013989
640 18 0.001561
640 19 0.00172751
640 20 0.00189926
640 25 0.00293497
640 30 0.00420706
640 35 0.00571163
640 40 0.00747394
640 45 0.0094536
640 50 0.0116385
640 55 0.014106
640 60 0.0167879
660 0.1 1.45869
660 0.2 0.365474
660 0.3 0.162568
660 0.4 0.0915048
660 0.5 0.0585097
660 0.6 0.0406471
660 0.7 0.0298332
660 0.8 0.0228458
660 0.9 0.0180821
660 1 0.0142788
660 2 0.00358094
660 3 0.00162484
660 4 0.000957527
660 5 0.000668933
660 6 0.000539659
660 7 0.000487242
660 8 0.00047819
660 9 0.000500666
660 10 0.000543233
660 11 0.000603902
660 12 0.000679174
660 13 0.000762893
660 14 0.000860707
660 15 0.000971449
660 16 0.00109069
660 17 0.00121227
660 18 0.00134894
660 19 0.00149603
660 20 0.00164927
660 25 0.00254626
660 30 0.00364801
660 35 0.00496297
660 40 0.00647573
660 45 0.00818699
660 50 0.0100911
660 55 0.0122003
660 60 0.0145537
680 0.1 1.27748
680 0.2 0.31709
680 0.3 0.14064
680 0.4 0.0792791
680 0.5 0.0504995
680 0.6 0.0352115
680 0.7 0.0258861
680 0.8 0.0198284
680 0.9 0.0156786
680 1 0.0123535
680 2 0.00310786
680 3 0.00140592
680 4 0.000828714
680 5 0.000580273
680 6 0.000469294
680 7 0.000423373
680 8 0.00041543
680 9 0.000434196
680 10 0.000470652
680 11 0.000525786
680 12 0.000586874
680 13 0.000661048
680 14 0.000744771
680 15 0.000839599
680 16 0.000940017
680 17 0.00105149
680 18 0.00116842
680 19 0.00129411
680 20 0.0014268
680 25 0.00220299
680 30 0.0031465
680 35 0.00428976
680 40 0.00559141
680 45 0.00707108
680 50 0.008742
680 55 0.0105653
680 60 0.0125486
700 0.1 1.09709
700 0.2 0.275206
700 0.3 0.122151
700 0.4 0.0688798
700 0.5 0.0440878
700 0.6 0.0305126
700 0.7 0.0225021
700 0.8 0.0171679
700 0.9 0.0136198
700 1 0.0107691
700 2 0.00270817
700 3 0.00121827
700 4 0.00072098
700 5 0.000504996
700 6 0.000406635
700 7 0.000367087
700 8 0.000359105
700 9 0.00037649
700 10 0.000409117
700 11 0.000455058
700 12 0.000510059
700 13 0.000573285
700 14 0.000647361
700 15 0.000728919
700 16 0.000816398
700 17 0.000912196
700 18 0.00101461
700 19 0.00112093
700 20 0.0012386
700 25 0.00190247
700 30 0.00273977
700 35 0.00371101
700 40 0.00485992
700 45 0.00614347
700 50 0.00759227
700 55 0.00917888
700 60 0.0108958
720 0.1 0.956373
720 0.2 0.239192
720 0.3 0.106458
720 0.4 0.0598236
720 0.5 0.038324
720 0.6 0.0265943
720 0.7 0.0195807
720 0.8 0.0150927
720 0.9 0.0118453
720 1 0.00935987
720 2 0.00235815
720 3 0.00106063
720 4 0.000626457
720 5 0.000439157
720 6 0.000353289
720 7 0.000318625
720 8 0.000313868
720 9 0.000327366
720 10 0.000356128
720 11 0.000394726
720 12 0.000443103
720 13 0.000498216
720 14 0.000562008
720 15 0.000633362
720 16 0.000709469
720 17 0.000791867
720 18 0.000881181
720 19 0.000975489
720 20 0.0010721
720 25 0.00165693
720 30 0.00238163
720 35 0.0032227
720 40 0.00421042
720 45 0.00533526
720 50 0.00658806
720 55 0.00797892
720 60 0.00952845
740 0.1 0.832298
740 0.2 0.208818
740 0.3 0.092656
740 0.4 0.0523244
740 0.5 0.033544
740 0.6 0.02362
740 0.7 0.0170262
740 0.8 0.0130518
740 0.9 0.0103079
740 1 0.00813818
740 2 0.00205019
740 3 0.000925123
740 4 0.000544983
740 5 0.000381274
740 6 0.000307848
740 7 0.000277409
740 8 0.000272832
740 9 0.000284059
740 10 0.000308456
740 11 0.000341821
740 12 0.000385685
740 13 0.000433378
740 14 0.000487883
740 15 0.000549397
740 16 0.000615759
740 17 0.000688555
740 18 0.000762496
740 19 0.000843505
740 20 0.000930957
740 25 0.00144444
740 30 0.00206873
740 35 0.00280614
740 40 0.00366835
740 45 0.0046237
740 50 0.00571507
740 55 0.00694628
740 60 0.00824412
760 0.1 0.728873
760 0.2 0.182484
760 0.3 0.081055
760 0.4 0.0456548
760 0.5 0.0291142
760 0.6 0.0202705
760 0.7 0.0148833
760 0.8 0.0114022
760 0.9 0.00901907
760 1 0.00710655
760 2 0.00178415
760 3 0.000804718
760 4 0.000476364
760 5 0.000333419
760 6 0.000268308
760 7 0.000241643
760 8 0.000237553
760 9 0.000247259
760 10 0.000267914
760 11 0.000297547
760 12 0.000334178
760 13 0.000376518
760 14 0.000425085
760 15 0.000477654
760 16 0.00053524
760 17 0.000596812
760 18 0.000665345
760 19 0.000735556
760 20 0.000812315
760 25 0.00125218
760 30 0.00179411
760 35 0.00243857
760 40 0.00318303
760 45 0.00402707
760 50 0.00496608
760 55 0.00601589
760 60 0.00715193
780 0.1 0.635502
780 0.2 0.159068
780 0.3 0.0705847
780 0.4 0.0398069
780 0.5 0.0254924
780 0.6 0.0177283
780 0.7 0.0129889
780 0.8 0.00976
780 0.9 0.00786729
780 1 0.0062192
780 2 0.0015635
780 3 0.000705031
780 4 0.0004143
780 5 0.000291112
780 6 0.000234991
780 7 0.000211015
780 8 0.000207628
780 9 0.000216242
780 10 0.000234584
780 11 0.000260562
780 12 0.000292121
780 13 0.000328578
780 14 0.000371156
780 15 0.000416932
780 16 0.000467121
780 17 0.000521244
780 18 0.000580952
780 19 0.000642772
780 20 0.000706206
780 25 0.00109321
780 30 0.00156419
780 35 0.0021311
780 40 0.00278119
780 45 0.00350796
780 50 0.00433721
780 55 0.00525437
780 60 0.00624742
800 0.1 0.557319
800 0.2 0.139762
800 0.3 0.0620808
800 0.4 0.0348875
800 0.5 0.0223021
800 0.6 0.0155161
800 0.7 0.0114183
800 0.8 0.0087245
800 0.9 0.0068724
800 1 0.00545246
800 2 0.00137066
800 3 0.000618644
800 4 0.000363243
800 5 0.000255829
800 6 0.000205707
800 7 0.000184742
800 8 0.000181738
800 9 0.000189092
800 10 0.000205854
800 11 0.00022722
800 12 0.000255194
800 13 0.000287697
800 14 0.000324877
800 15 0.000364874
800 16 0.000407741
800 17 0.000456092
800 18 0.000507112
800 19 0.000562762
800 20 0.000618375
800 25 0.000954739
800 30 0.00137128
800 35 0.00185593
800 40 0.00242601
800 45 0.00307675
800 50 0.00379023
800 55 0.00459097
800 60 0.00544655
820 0.1 0.488168
820 0.2 0.122661
820 0.3 0.0543113
820 0.4 0.0306426
820 0.5 0.0195771
820 0.6 0.0135969
820 0.7 0.00999081
820 0.8 0.00765722
820 0.9 0.00602657
820 1 0.00476641
820 2 0.00119918
820 3 0.000543793
820 4 0.000318025
820 5 0.000224385
820 6 0.000179863
820 7 0.000162301
820 8 0.000158893
820 9 0.000166199
820 10 0.000180694
820 11 0.000199127
820 12 0.000223535
820 13 0.000251943
820 14 0.000285114
820 15 0.000318418
820 16 0.000358369
820 17 0.000399636
820 18 0.000444366
820 19 0.000490996
820 20 0.000543008
820 25 0.000838398
820 30 0.00119928
820 35 0.00163273
820 40 0.00212543
820 45 0.00268516
820 50 0.0033171
820 55 0.00401899
820 60 0.00477894
840 0.1 0.42834
840 0.2 0.107373
840 0.3 0.0477479
840 0.4 0.0268105
840 0.5 0.0171623
840 0.6 0.011911
840 0.7 0.00874593
840 0.8 0.00671302
840 0.9 0.00529808
840 1 0.00419443
840 2 0.00105161
840 3 0.000478314
840 4 0.000279655
840 5 0.000196441
840 6 0.000157708
840 7 0.000142264
840 8 0.000139688
840 9 0.0001452
840 10 0.00015772
840 11 0.000174491
840 12 0.000195876
840 13 0.000220501
840 14 0.000249363
840 15 0.000279585
840 16 0.00031396
840 17 0.000349908
840 18 0.000390429
840 19 0.00043125
840 20 0.000475483
840 25 0.00073259
840 30 0.00105091
840 35 0.00142983
840 40 0.0018626
840 45 0.00235741
840 50 0.00291549
840 55 0.00351335
840 60 0.00419246
860 0.1 0.376387
860 0.2 0.0943291
860 0.3 0.0418528
860 0.4 0.0236063
860 0.5 0.0150896
860 0.6 0.010467
860 0.7 0.00768879
860 0.8 0.00589987
860 0.9 0.00465501
860 1 0.00368802
860 2 0.000924584
860 3 0.000419702
860 4 0.000245901
860 5 0.000173096
860 6 0.000138797
860 7 0.000124939
860 8 0.00012245
860 9 0.000127745
860 10 0.00013846
860 11 0.000153463
860 12 0.000176709
860 13 0.000193788
860 14 0.000218281
860 15 0.00024546
860 16 0.000274834
860 17 0.000307782
860 18 0.000341875
860 19 0.000379056
860 20 0.000416858
860 25 0.000643447
860 30 0.000921024
860 35 0.00125526
860 40 0.00163574
860 45 0.00206974
860 50 0.00255114
860 55 0.0030869
860 60 0.00368231
880 0.1 0.331144
880 0.2 0.0831145
880 0.3 0.036903
880 0.4 0.0207632
880 0.5 0.0133037
880 0.6 0.00922859
880 0.7 0.00677959
880 0.8 0.00518896
880 0.9 0.0041044
880 1 0.00324327
880 2 0.000814141
880 3 0.000367875
880 4 0.000216333
880 5 0.000151975
880 6 0.000134392
880 7 0.000110252
880 8 0.00010775
880 9 0.000112353
880 10 0.000122186
880 11 0.000135003
880 12 0.000151521
880 13 0.000170506
880 14 0.000192674
880 15 0.000215442
880 16 0.000242151
880 17 0.000270689
880 18 0.000301141
880 19 0.000332325
880 20 0.000366864
880 25 0.000565714
880 30 0.000808906
880 35 0.00110211
880 40 0.00143609
880 45 0.00181763
880 50 0.00224698
880 55 0.00271277
880 60 0.00322935
900 0.1 0.292232
900 0.2 0.0733023
900 0.3 0.0324349
900 0.4 0.0183006
900 0.5 0.0116856
900 0.6 0.00813945
900 0.7 0.00595361
900 0.8 0.00456931
900 0.9 0.00360641
900 1 0.00285296
900 2 0.000756334
900 3 0.000324702
900 4 0.000190517
900 5 0.000133996
900 6 0.000107748
900 7 9.67118e-05
900 8 9.48296e-05
900 9 9.90405e-05
900 10 0.000107276
900 11 0.00011898
900 12 0.00013337
900 13 0.000149828
900 14 0.000168803
900 15 0.000189138
900 16 0.000210359
900 17 0.000237649
900 18 0.000263869
900 19 0.000292805
900 20 0.000326365
900 25 0.000498318
900 30 0.000743019
900 35 0.000968789
900 40 0.00126193
900 45 0.00160211
900 50 0.00197484
900 55 0.00238663
900 60 0.00283836
920 0.1 0.257604
920 0.2 0.0644211
920 0.3 0.0286393
920 0.4 0.0161227
920 0.5 0.0103194
920 0.6 0.00717232
920 0.7 0.00526282
920 0.8 0.00403019
920 0.9 0.0031884
920 1 0.00252244
920 2 0.000632547
920 3 0.000285853
920 4 0.000168412
920 5 0.000118196
920 6 9.49025e-05
920 7 8.53777e-05
920 8 8.37481e-05
920 9 8.72831e-05
920 10 9.4364e-05
920 11 0.00010469
920 12 0.000117428
920 13 0.000132237
920 14 0.000148738
920 15 0.000167251
920 16 0.000187502
920 17 0.000209176
920 18 0.00023308
920 19 0.000257286
920 20 0.000284273
920 25 0.000438156
920 30 0.000627579
920 35 0.000853526
920 40 0.00111389
920 45 0.00140766
920 50 0.001737
920 55 0.00210047
920 60 0.00249992
940 0.1 0.227049
940 0.2 0.0570071
940 0.3 0.0252835
940 0.4 0.014211
940 0.5 0.00911813
940 0.6 0.00631595
940 0.7 0.00464639
940 0.8 0.00356248
940 0.9 0.00280744
940 1 0.00222158
940 2 0.00055776
940 3 0.000252205
940 4 0.000148519
940 5 0.000104358
940 6 8.36813e-05
940 7 7.49055e-05
940 8 7.37385e-05
940 9 7.69689e-05
940 10 8.33174e-05
940 11 9.22932e-05
940 12 0.000103343
940 13 0.000116654
940 14 0.000131005
940 15 0.000146656
940 16 0.000165158
940 17 0.000184
940 18 0.00020464
940 19 0.000226369
940 20 0.000250123
940 25 0.000386247
940 30 0.000553153
940 35 0.000751135
940 40 0.000979065
940 45 0.00124072
940 50 0.00153116
940 55 0.00184767
940 60 0.00220506
960 0.1 0.200638
960 0.2 0.0502526
960 0.3 0.0223548
960 0.4 0.0125633
960 0.5 0.00803372
960 0.6 0.0055833
960 0.7 0.00410152
960 0.8 0.00314332
960 0.9 0.00248126
960 1 0.00196424
960 2 0.000492088
960 3 0.000222961
960 4 0.000131063
960 5 9.18908e-05
960 6 7.39164e-05
960 7 6.64862e-05
960 8 6.4919e-05
960 9 6.78348e-05
960 10 7.32371e-05
960 11 8.13682e-05
960 12 9.04791e-05
960 13 0.000102371
960 14 0.000115506
960 15 0.000130042
960 16 0.000145367
960 17 0.000162296
960 18 0.000180702
960 19 0.000200237
960 20 0.000219525
960 25 0.00034021
960 30 0.000487458
960 35 0.000675447
960 40 0.000863648
960 45 0.00109274
960 50 0.00134914
960 55 0.00163322
960 60 0.00194552
980 0.1 0.177259
980 0.2 0.0443692
980 0.3 0.0197006
980 0.4 0.0111068
980 0.5 0.00710946
980 0.6 0.0049321
980 0.7 0.0036183
980 0.8 0.00277346
980 0.9 0.00234522
980 1 0.00173699
980 2 0.000436354
980 3 0.000196496
980 4 0.000115857
980 5 8.11767e-05
980 6 6.53765e-05
980 7 5.84648e-05
980 8 5.74766e-05
980 9 5.98875e-05
980 10 6.48636e-05
980 11 7.15968e-05
980 12 8.07652e-05
980 13 9.04357e-05
980 14 0.000102106
980 15 0.000114861
980 16 0.000128378
980 17 0.000143238
980 18 0.000159423
980 19 0.000176668
980 20 0.000194642
980 25 0.000300479
980 30 0.000430165
980 35 0.000585217
980 40 0.000761433
980 45 0.000965235
980 50 0.00119252
980 55 0.00144141
980 60 0.00171259
1000 0.1 0.157224
1000 0.2 0.0392358
1000 0.3 0.0174827
1000 0.4 0.00978719
1000 0.5 0.00629641
1000 0.6 0.00435486
1000 0.7 0.00321332
1000 0.8 0.00245401
1000 0.9 0.00194372
1000 1 0.0015376
1000 2 0.000384134
1000 3 0.000173825
1000 4 0.0001029
1000 5 7.19379e-05
1000 6 5.75526e-05
1000 7 5.17659e-05
1000 8 5.08701e-05
1000 9 5.29238e-05
1000 10 5.73071e-05
1000 11 6.35471e-05
1000 12 7.11193e-05
1000 13 8.01337e-05
1000 14 9.01606e-05
1000 15 0.000101249
1000 16 0.000113315
1000 17 0.000126945
1000 18 0.000139751
1000 19 0.000155531
1000 20 0.000172486
1000 25 0.000271547
1000 30 0.000380897
1000 35 0.000517011
1000 40 0.000674118
1000 45 0.000868011
1000 50 0.00108415
1000 55 0.00127434
1000 60 0.0015123
1200 0.1 0.0473001
1200 0.2 0.011826
1200 0.3 0.005255
1200 0.4 0.00295996
1200 0.5 0.00189251
1200 0.6 0.00131636
1200 0.7 0.000966649
1200 0.8 0.000738968
1200 0.9 0.00058462
1200 1 0.000472692
1200 2 0.000118654
1200 3 5.3727e-05
1200 4 3.16055e-05
1200 5 2.212e-05
1200 6 1.7764e-05
1200 7 1.58961e-05
1200 8 1.5562e-05
1200 9 1.61717e-05
1200 10 1.74815e-05
1200 11 1.93621e-05
1200 12 2.1702e-05
1200 13 2.43899e-05
1200 14 2.74649e-05
1200 15 3.08709e-05
1200 16 3.45343e-05
1200 17 3.85721e-05
1200 18 4.28758e-05
1200 19 4.74461e-05
1200 20 5.23502e-05
1200 25 8.06487e-05
1200 30 0.000115541
1200 35 0.000156895
1200 40 0.000204788
1200 45 0.000258843
1200 50 0.000319863
1200 55 0.000387464
1200 60 0.000460274
1400 0.1 0.0155569
1400 0.2 0.00389517
1400 0.3 0.00173052
1400 0.4 0.000974411
1400 0.5 0.000623451
1400 0.6 0.000432643
1400 0.7 0.00031788
1400 0.8 0.000243545
1400 0.9 0.000192795
1400 1 0.000155752
1400 2 3.9093e-05
1400 3 1.7689e-05
1400 4 1.03927e-05
1400 5 7.2692e-06
1400 6 5.81333e-06
1400 7 5.21236e-06
1400 8 5.082e-06
1400 9 5.2903e-06
1400 10 5.71333e-06
1400 11 6.31207e-06
1400 12 7.06469e-06
1400 13 7.93517e-06
1400 14 8.93969e-06
1400 15 1.00285e-05
1400 16 1.12536e-05
1400 17 1.25632e-05
1400 18 1.39298e-05
1400 19 1.5444e-05
1400 20 1.70139e-05
1400 25 2.62301e-05
1400 30 3.76194e-05
1400 35 5.10417e-05
1400 40 6.66579e-05
1400 45 8.42091e-05
1400 50 0.000104122
1400 55 0.000125981
1400 60 0.000149782
