200 0.1 282.20054
200 0.2 70.73680
200 0.3 31.43497
200 0.4 17.65664
200 0.5 11.31997
200 0.6 7.83640
200 0.7 5.77052
200 0.8 4.40545
200 0.9 3.50677
200 1 2.82109
200 2 .70576
200 3 .31672
200 4 .18560
200 5 .12992
200 6 .10477
200 7 .09522
200 8 .09484
200 9 .10009
200 10 .10978
200 11 .12344
200 12 .13967
200 13 .15874
200 14 .17967
200 15 .20295
200 16 .22810
200 17 .25507
200 18 .28457
200 19 .31556
200 20 .34853
200 25 .54147
200 30 .77673
200 35 1.05905
200 40 1.38475
200 45 1.75185
200 50 2.16501
200 55 2.62669
200 60 3.11800
220 0.1 234.51275
220 0.2 58.68616
220 0.3 26.26781
220 0.4 14.81974
220 0.5 9.41979
220 0.6 6.54283
220 0.7 4.81572
220 0.8 3.67317
220 0.9 2.90791
220 1 2.35009
220 2 .58779
220 3 .26538
220 4 .15483
220 5 .10889
220 6 .08784
220 7 .08010
220 8 .07975
220 9 .08393
220 10 .09187
220 11 .10287
220 12 .11651
220 13 .13235
220 14 .14969
220 15 .16882
220 16 .19033
220 17 .21281
220 18 .23685
220 19 .26352
220 20 .29098
220 25 .44944
220 30 .64489
220 35 .88009
220 40 1.14806
220 45 1.45040
220 50 1.79639
220 55 2.17782
220 60 2.58235
240 0.1 196.35474
240 0.2 49.08151
240 0.3 21.87363
240 0.4 12.30971
240 0.5 7.86656
240 0.6 5.44451
240 0.7 4.01442
240 0.8 3.07485
240 0.9 2.42742
240 1 1.96370
240 2 .49144
240 3 .22173
240 4 .12999
240 5 .09098
240 6 .07378
240 7 .06680
240 8 .06637
240 9 .07014
240 10 .07684
240 11 .08634
240 12 .09749
240 13 .11024
240 14 .12470
240 15 .14074
240 16 .15852
240 17 .17741
240 18 .19710
240 19 .21884
240 20 .24194
240 25 .37452
240 30 .53915
240 35 .73210
240 40 .95752
240 45 1.21191
240 50 1.49109
240 55 1.80966
240 60 2.15129
260 0.1 165.13623
260 0.2 41.62801
260 0.3 18.39578
260 0.4 10.35343
260 0.5 6.62621
260 0.6 4.60368
260 0.7 3.37679
260 0.8 2.60410
260 0.9 2.04366
260 1 1.65708
260 2 .41715
260 3 .18721
260 4 .10988
260 5 .07699
260 6 .06225
260 7 .05666
260 8 .05636
260 9 .05942
260 10 .06501
260 11 .07287
260 12 .08190
260 13 .09296
260 14 .10523
260 15 .11851
260 16 .13353
260 17 .14937
260 18 .16663
260 19 .18445
260 20 .20290
260 25 .31637
260 30 .45088
260 35 .61684
260 40 .80207
260 45 1.01961
260 50 1.25446
260 55 1.52368
260 60 1.80499
280 0.1 138.49062
280 0.2 34.71848
280 0.3 15.45627
280 0.4 8.70323
280 0.5 5.56364
280 0.6 3.86013
280 0.7 2.84015
280 0.8 2.17632
280 0.9 1.71725
280 1 1.39146
280 2 .34802
280 3 .15689
280 4 .09224
280 5 .06469
280 6 .05255
280 7 .04759
280 8 .04732
280 9 .04980
280 10 .05445
280 11 .06098
280 12 .06891
280 13 .07771
280 14 .08819
280 15 .09938
280 16 .11124
280 17 .12484
280 18 .13897
280 19 .15413
280 20 .16965
280 25 .26354
280 30 .37909
280 35 .51401
280 40 .67268
280 45 .85100
280 50 1.04994
280 55 1.26868
280 60 1.51268
300 0.1 118.71404
300 0.2 29.45396
300 0.3 13.10470
300 0.4 7.36165
300 0.5 4.71275
300 0.6 3.27057
300 0.7 2.40157
300 0.8 1.84055
300 0.9 1.45482
300 1 1.17824
300 2 .29541
300 3 .13328
300 4 .07839
300 5 .05518
300 6 .04455
300 7 .04041
300 8 .04005
300 9 .04225
300 10 .04618
300 11 .05171
300 12 .05823
300 13 .06590
300 14 .07454
300 15 .08406
300 16 .09445
300 17 .10542
300 18 .11749
300 19 .13026
300 20 .14362
300 25 .22213
300 30 .31976
300 35 .43464
300 40 .56790
300 45 .71789
300 50 .88494
300 55 1.07152
300 60 1.27692
320 0.1 100.55670
320 0.2 25.23148
320 0.3 11.21616
320 0.4 6.31019
320 0.5 4.03819
320 0.6 2.80455
320 0.7 2.05736
320 0.8 1.57197
320 0.9 1.24693
320 1 1.00975
320 2 .25305
320 3 .11382
320 4 .06712
320 5 .04730
320 6 .03821
320 7 .03471
320 8 .03440
320 9 .03618
320 10 .03970
320 11 .04412
320 12 .04974
320 13 .05626
320 14 .06382
320 15 .07188
320 16 .08074
320 17 .09014
320 18 .10029
320 19 .11120
320 20 .12272
320 25 .18950
320 30 .27238
320 35 .37068
320 40 .48399
320 45 .61160
320 50 .75434
320 55 .91295
320 60 1.08861
340 0.1 85.42853
340 0.2 21.42617
340 0.3 9.54089
340 0.4 5.36575
340 0.5 3.42845
340 0.6 2.38854
340 0.7 1.75238
340 0.8 1.34069
340 0.9 1.05835
340 1 .85850
340 2 .21513
340 3 .09696
340 4 .05716
340 5 .04031
340 6 .03244
340 7 .02953
340 8 .02927
340 9 .03079
340 10 .03365
340 11 .03754
340 12 .04239
340 13 .04789
340 14 .05427
340 15 .06100
340 16 .06853
340 17 .07634
340 18 .08514
340 19 .09447
340 20 .10409
340 25 .16141
340 30 .23121
340 35 .31425
340 40 .41107
340 45 .51909
340 50 .64146
340 55 .77712
340 60 .92249
360 0.1 73.49644
360 0.2 20.28603
360 0.3 8.19238
360 0.4 4.61908
360 0.5 2.95082
360 0.6 2.05135
360 0.7 1.50789
360 0.8 1.15217
360 0.9 .91030
360 1 .73797
360 2 .18504
360 3 .08344
360 4 .04929
360 5 .03455
360 6 .02798
360 7 .02546
360 8 .02520
360 9 .02655
360 10 .02897
360 11 .03239
360 12 .03652
360 13 .04118
360 14 .04654
360 15 .05246
360 16 .05883
360 17 .06573
360 18 .07312
360 19 .08109
360 20 .08975
360 25 .13854
360 30 .19883
360 35 .26908
360 40 .35157
360 45 .44613
360 50 .55075
360 55 .66599
360 60 .79231
380 0.1 62.93980
380 0.2 15.80628
380 0.3 7.03457
380 0.4 3.95356
380 0.5 2.52787
380 0.6 1.75666
380 0.7 1.29024
380 0.8 .98800
380 0.9 .78113
380 1 .63209
380 2 .15858
380 3 .07164
380 4 .04220
380 5 .02968
380 6 .02400
380 7 .02185
380 8 .02166
380 9 .02272
380 10 .02482
380 11 .02772
380 12 .03121
380 13 .03524
380 14 .03976
380 15 .04489
380 16 .05036
380 17 .05621
380 18 .06257
380 19 .06934
380 20 .07653
380 25 .11821
380 30 .16974
380 35 .23081
380 40 .30055
380 45 .38115
380 50 .47053
380 55 .56917
380 60 .67636
400 0.1 54.08791
400 0.2 13.58415
400 0.3 6.04779
400 0.4 3.39976
400 0.5 2.17688
400 0.6 1.51170
400 0.7 1.11080
400 0.8 .85047
400 0.9 .67187
400 1 .54403
400 2 .13652
400 3 .06167
400 4 .03639
400 5 .02556
400 6 .02068
400 7 .01882
400 8 .01861
400 9 .01958
400 10 .02139
400 11 .02381
400 12 .02684
400 13 .03024
400 14 .03419
400 15 .03855
400 16 .04320
400 17 .04835
400 18 .05379
400 19 .05963
400 20 .06572
400 25 .10150
400 30 .14573
400 35 .19826
400 40 .25863
400 45 .32722
400 50 .40376
400 55 .48785
400 60 .58195
420 0.1 46.67763
420 0.2 11.74417
420 0.3 5.22116
420 0.4 2.94147
420 0.5 1.88309
420 0.6 1.30654
420 0.7 .95885
420 0.8 .73544
420 0.9 .58097
420 1 .47057
420 2 .11812
420 3 .05341
420 4 .03146
420 5 .02213
420 6 .01787
420 7 .01627
420 8 .01606
420 9 .01693
420 10 .01847
420 11 .02057
420 12 .02315
420 13 .02615
420 14 .02954
420 15 .03316
420 16 .03736
420 17 .04174
420 18 .04649
420 19 .05137
420 20 .05670
420 25 .08760
420 30 .12568
420 35 .17090
420 40 .22296
420 45 .28187
420 50 .34837
420 55 .42058
420 60 .50076
440 0.1 40.36461
440 0.2 10.15447
440 0.3 4.51181
440 0.4 2.53942
440 0.5 1.62590
440 0.6 1.13019
440 0.7 .82903
440 0.8 .63569
440 0.9 .50203
440 1 .40624
440 2 .10192
440 3 .04609
440 4 .02715
440 5 .01912
440 6 .01548
440 7 .01406
440 8 .01389
440 9 .01459
440 10 .01591
440 11 .01775
440 12 .01995
440 13 .02252
440 14 .02546
440 15 .02867
440 16 .03217
440 17 .03596
440 18 .03997
440 19 .04434
440 20 .04891
440 25 .07557
440 30 .10821
440 35 .14704
440 40 .19213
440 45 .24350
440 50 .29990
440 55 .36326
440 60 .43200
460 0.1 35.23756
460 0.2 8.85054
460 0.3 3.93788
460 0.4 2.21492
460 0.5 1.41657
460 0.6 .98527
460 0.7 .72287
460 0.8 .55471
460 0.9 .43775
460 1 .35440
460 2 .08881
460 3 .04025
460 4 .02375
460 5 .01669
460 6 .01350
460 7 .01228
460 8 .01215
460 9 .01275
460 10 .01385
460 11 .01543
460 12 .01740
460 13 .01959
460 14 .02212
460 15 .02492
460 16 .02801
460 17 .03125
460 18 .03477
460 19 .03851
460 20 .04252
460 25 .06556
460 30 .09425
460 35 .12793
460 40 .16724
460 45 .21159
460 50 .26086
460 55 .31544
460 60 .37583
480 0.1 30.76297
480 0.2 7.73470
480 0.3 3.44050
480 0.4 1.93563
480 0.5 1.23943
480 0.6 .85984
480 0.7 .63259
480 0.8 .48386
480 0.9 .38215
480 1 .30954
480 2 .07770
480 3 .03514
480 4 .02071
480 5 .01459
480 6 .01179
480 7 .01067
480 8 .01057
480 9 .01107
480 10 .01207
480 11 .01341
480 12 .01514
480 13 .01708
480 14 .01928
480 15 .02172
480 16 .02436
480 17 .02725
480 18 .03029
480 19 .03358
480 20 .03699
480 25 .05719
480 30 .08203
480 35 .11157
480 40 .14562
480 45 .18428
480 50 .22703
480 55 .27533
480 60 .32680
500 0.1 26.82499
500 0.2 6.74636
500 0.3 2.99853
500 0.4 1.68786
500 0.5 1.07821
500 0.6 .74902
500 0.7 .55130
500 0.8 .42158
500 0.9 .33323
500 1 .27043
500 2 .06772
500 3 .03063
500 4 .01806
500 5 .01268
500 6 .01027
500 7 .00932
500 8 .00920
500 9 .00965
500 10 .01051
500 11 .01171
500 12 .01319
500 13 .01485
500 14 .01676
500 15 .01891
500 16 .02119
500 17 .02366
500 18 .02633
500 19 .02918
500 20 .03214
500 25 .04970
500 30 .07135
500 35 .09664
500 40 .12663
500 45 .15992
500 50 .19775
500 55 .23890
500 60 .28448
520 0.1 23.48245
520 0.2 5.90602
520 0.3 2.63586
520 0.4 1.47735
520 0.5 .94726
520 0.6 .65666
520 0.7 .48261
520 0.8 .36968
520 0.9 .29197
520 1 .23606
520 2 .05921
520 3 .02684
520 4 .01584
520 5 .01111
520 6 .00896
520 7 .00814
520 8 .00804
520 9 .00846
520 10 .00917
520 11 .01024
520 12 .01151
520 13 .01300
520 14 .01466
520 15 .01651
520 16 .01856
520 17 .02066
520 18 .02303
520 19 .02550
520 20 .02816
520 25 .04338
520 30 .06268
520 35 .08450
520 40 .11052
520 45 .13970
520 50 .17286
520 55 .20894
520 60 .24813
540 0.1 20.69194
540 0.2 5.21767
540 0.3 2.30912
540 0.4 1.29847
540 0.5 .83027
540 0.6 .57765
540 0.7 .42500
540 0.8 .32457
540 0.9 .25657
540 1 .20812
540 2 .05226
540 3 .02353
540 4 .01395
540 5 .00977
540 6 .00793
540 7 .00715
540 8 .00709
540 9 .00743
540 10 .00809
540 11 .00900
540 12 .01016
540 13 .01144
540 14 .01295
540 15 .01453
540 16 .01628
540 17 .01825
540 18 .02023
540 19 .02242
540 20 .02478
540 25 .03826
540 30 .05474
540 35 .07433
540 40 .09708
540 45 .12281
540 50 .15191
540 55 .18350
540 60 .21837
560 0.1 18.24547
560 0.2 4.59832
560 0.3 2.04237
560 0.4 1.14228
560 0.5 .73391
560 0.6 .50950
560 0.7 .37289
560 0.8 .28741
560 0.9 .22632
560 1 .18283
560 2 .04608
560 3 .02071
560 4 .01228
560 5 .00865
560 6 .00695
560 7 .00631
560 8 .00624
560 9 .00655
560 10 .00714
560 11 .00788
560 12 .00892
560 13 .01006
560 14 .01136
560 15 .01280
560 16 .01437
560 17 .01593
560 18 .01784
560 19 .01966
560 20 .02177
560 25 .03351
560 30 .04828
560 35 .06521
560 40 .08570
560 45 .10856
560 50 .13302
560 55 .16200
560 60 .19242
580 0.1 16.12384
580 0.2 4.06992
580 0.3 1.80390
580 0.4 1.01542
580 0.5 .64961
580 0.6 .45134
580 0.7 .33139
580 0.8 .25363
580 0.9 .20044
580 1 .16232
580 2 .04076
580 3 .01844
580 4 .01086
580 5 .00764
580 6 .00617
580 7 .00560
580 8 .00551
580 9 .00579
580 10 .00630
580 11 .00701
580 12 .00788
580 13 .00889
580 14 .01003
580 15 .01128
580 16 .01266
580 17 .01413
580 18 .01571
580 19 .01744
580 20 .01924
580 25 .02972
580 30 .04254
580 35 .05780
580 40 .07547
580 45 .09544
580 50 .11774
580 55 .14249
580 60 .16976
600 0.1 14.25339
600 0.2 3.57885
600 0.3 1.59324
600 0.4 .89667
600 0.5 .57370
600 0.6 .39807
600 0.7 .29247
600 0.8 .22391
600 0.9 .17719
600 1 .14353
600 2 .03596
600 3 .01628
600 4 .00960
600 5 .00674
600 6 .00544
600 7 .00493
600 8 .00486
600 9 .00510
600 10 .00554
600 11 .00618
600 12 .00694
600 13 .00781
600 14 .00882
600 15 .00994
600 16 .01113
600 17 .01245
600 18 .01391
600 19 .01538
600 20 .01694
600 25 .02624
600 30 .03749
600 35 .05098
600 40 .06680
600 45 .08416
600 50 .10399
600 55 .12547
600 60 .14976
620 0.1 12.59953
620 0.2 3.16787
620 0.3 1.40857
620 0.4 .79444
620 0.5 .50832
620 0.6 .35291
620 0.7 .25826
620 0.8 .19797
620 0.9 .15693
620 1 .12693
620 2 .03182
620 3 .01440
620 4 .00849
620 5 .00596
620 6 .00481
620 7 .00435
620 8 .00430
620 9 .00450
620 10 .00490
620 11 .00547
620 12 .00613
620 13 .00692
620 14 .00779
620 15 .00879
620 16 .00983
620 17 .01098
620 18 .01223
620 19 .01354
620 20 .01493
620 25 .02308
620 30 .03312
620 35 .04502
620 40 .05869
620 45 .07429
620 50 .09158
620 55 .11077
620 60 .13197
640 0.1 11.16966
640 0.2 2.81137
640 0.3 1.25664
640 0.4 .70460
640 0.5 .45041
640 0.6 .31288
640 0.7 .22931
640 0.8 .17300
640 0.9 .13902
640 1 .11256
640 2 .02824
640 3 .01277
640 4 .00752
640 5 .00528
640 6 .00426
640 7 .00386
640 8 .00381
640 9 .00399
640 10 .00435
640 11 .00483
640 12 .00544
640 13 .00611
640 14 .00690
640 15 .00778
640 16 .00871
640 17 .00973
640 18 .01084
640 19 .01204
640 20 .01321
640 25 .02043
640 30 .02940
640 35 .03979
640 40 .05186
640 45 .06590
640 50 .08117
640 55 .09823
640 60 .11674
660 0.1 9.94509
660 0.2 2.50155
660 0.3 1.11184
660 0.4 .62620
660 0.5 .40042
660 0.6 .27837
660 0.7 .20432
660 0.8 .15667
660 0.9 .12349
660 1 .10008
660 2 .02514
660 3 .01135
660 4 .00669
660 5 .00471
660 6 .00380
660 7 .00344
660 8 .00339
660 9 .00354
660 10 .00386
660 11 .00429
660 12 .00482
660 13 .00544
660 14 .00613
660 15 .00689
660 16 .00773
660 17 .00864
660 18 .00961
660 19 .01065
660 20 .01176
660 25 .01814
660 30 .02601
660 35 .03538
660 40 .04609
660 45 .05833
660 50 .07203
660 55 .08714
660 60 .10378
680 0.1 8.85193
680 0.2 2.22221
680 0.3 .98674
680 0.4 .55684
680 0.5 .35568
680 0.6 .24691
680 0.7 .18154
680 0.8 .13888
680 0.9 .10974
680 1 .08898
680 2 .02234
680 3 .01010
680 4 .00595
680 5 .00418
680 6 .00338
680 7 .00304
680 8 .00301
680 9 .00315
680 10 .00343
680 11 .00381
680 12 .00429
680 13 .00483
680 14 .00544
680 15 .00614
680 16 .00687
680 17 .00768
680 18 .00856
680 19 .00945
680 20 .01043
680 25 .01612
680 30 .02305
680 35 .03143
680 40 .04100
680 45 .05181
680 50 .06397
680 55 .07735
680 60 .09215
700 0.1 7.90327
700 0.2 1.98531
700 0.3 .88407
700 0.4 .49651
700 0.5 .31772
700 0.6 .22094
700 0.7 .16221
700 0.8 .12423
700 0.9 .09809
700 1 .07942
700 2 .01995
700 3 .00901
700 4 .00531
700 5 .00374
700 6 .00301
700 7 .00273
700 8 .00268
700 9 .00281
700 10 .00305
700 11 .00339
700 12 .00381
700 13 .00430
700 14 .00486
700 15 .00548
700 16 .00614
700 17 .00685
700 18 .00761
700 19 .00842
700 20 .00929
700 25 .01435
700 30 .02059
700 35 .02797
700 40 .03651
700 45 .04616
700 50 .05707
700 55 .06891
700 60 .08208
720 0.1 7.06004
720 0.2 1.77005
720 0.3 .79015
720 0.4 .44301
720 0.5 .28342
720 0.6 .19758
720 0.7 .14464
720 0.8 .11071
720 0.9 .08759
720 1 .07082
720 2 .01781
720 3 .00804
720 4 .00473
720 5 .00333
720 6 .00269
720 7 .00243
720 8 .00240
720 9 .00251
720 10 .00273
720 11 .00303
720 12 .00340
720 13 .00385
720 14 .00432
720 15 .00488
720 16 .00547
720 17 .00609
720 18 .00678
720 19 .00750
720 20 .00828
720 25 .01277
720 30 .01838
720 35 .02485
720 40 .03252
720 45 .04114
720 50 .05076
720 55 .06145
720 60 .07314
740 0.1 6.30976
740 0.2 1.58532
740 0.3 .70562
740 0.4 .39684
740 0.5 .25387
740 0.6 .17610
740 0.7 .12949
740 0.8 .09916
740 0.9 .07825
740 1 .06353
740 2 .01594
740 3 .00721
740 4 .00423
740 5 .00298
740 6 .00240
740 7 .00218
740 8 .00214
740 9 .00224
740 10 .00244
740 11 .00271
740 12 .00304
740 13 .00342
740 14 .00386
740 15 .00434
740 16 .00488
740 17 .00545
740 18 .00605
740 19 .00671
740 20 .00738
740 25 .01139
740 30 .01638
740 35 .02223
740 40 .02900
740 45 .03669
740 50 .04529
740 55 .05479
740 60 .06536
760 0.1 5.65936
760 0.2 1.41965
760 0.3 .63056
760 0.4 .35532
760 0.5 .22713
760 0.6 .15799
760 0.7 .11581
760 0.8 .08896
760 0.9 .07015
760 1 .05688
760 2 .01431
760 3 .00644
760 4 .00380
760 5 .00267
760 6 .00214
760 7 .00194
760 8 .00191
760 9 .00200
760 10 .00218
760 11 .00242
760 12 .00271
760 13 .00305
760 14 .00345
760 15 .00389
760 16 .00436
760 17 .00486
760 18 .00541
760 19 .00600
760 20 .00662
760 25 .01018
760 30 .01463
760 35 .01985
760 40 .02596
760 45 .03289
760 50 .04046
760 55 .04899
760 60 .05831
780 0.1 5.07137
780 0.2 1.27278
780 0.3 .56485
780 0.4 .31797
780 0.5 .20402
780 0.6 .14141
780 0.7 .10381
780 0.8 .07976
780 0.9 .06286
780 1 .05093
780 2 .01277
780 3 .00578
780 4 .00340
780 5 .00239
780 6 .00193
780 7 .00174
780 8 .00171
780 9 .00179
780 10 .00194
780 11 .00216
780 12 .00243
780 13 .00274
780 14 .00309
780 15 .00347
780 16 .00389
780 17 .00435
780 18 .00486
780 19 .00537
780 20 .00592
780 25 .00913
780 30 .01308
780 35 .01777
780 40 .02318
780 45 .02926
780 50 .03628
780 55 .04388
780 60 .05226
800 0.1 4.54375
800 0.2 1.14069
800 0.3 .50822
800 0.4 .28560
800 0.5 .18232
800 0.6 .12683
800 0.7 .09305
800 0.8 .07130
800 0.9 .05616
800 1 .04576
800 2 .01144
800 3 .00518
800 4 .00305
800 5 .00214
800 6 .00173
800 7 .00156
800 8 .00154
800 9 .00161
800 10 .00174
800 11 .00194
800 12 .00217
800 13 .00246
800 14 .00277
800 15 .00311
800 16 .00350
800 17 .00390
800 18 .00434
800 19 .00479
800 20 .00532
800 25 .00818
800 30 .01173
800 35 .01594
800 40 .02081
800 45 .02634
800 50 .03250
800 55 .03924
800 60 .04672
820 0.1 4.10700
820 0.2 1.02951
820 0.3 .45807
820 0.4 .25754
820 0.5 .16485
820 0.6 .11447
820 0.7 .08403
820 0.8 .06441
820 0.9 .05086
820 1 .04124
820 2 .01035
820 3 .00466
820 4 .00276
820 5 .00193
820 6 .00155
820 7 .00140
820 8 .00139
820 9 .00145
820 10 .00157
820 11 .00175
820 12 .00196
820 13 .00221
820 14 .00249
820 15 .00281
820 16 .00315
820 17 .00352
820 18 .00390
820 19 .00433
820 20 .00477
820 25 .00736
820 30 .01057
820 35 .01436
820 40 .01874
820 45 .02371
820 50 .02932
820 55 .03538
820 60 .04210
840 0.1 3.68799
840 0.2 .92507
840 0.3 .41086
840 0.4 .23149
840 0.5 .14849
840 0.6 .10284
840 0.7 .07560
840 0.8 .05791
840 0.9 .04570
840 1 .03704
840 2 .00927
840 3 .00420
840 4 .00248
840 5 .00174
840 6 .00140
840 7 .00126
840 8 .00124
840 9 .00130
840 10 .00141
840 11 .00156
840 12 .00176
840 13 .00198
840 14 .00224
840 15 .00252
840 16 .00282
840 17 .00315
840 18 .00349
840 19 .00389
840 20 .00428
840 25 .00659
840 30 .00949
840 35 .01289
840 40 .01681
840 45 .02123
840 50 .02618
840 55 .03171
840 60 .03778
860 0.1 3.31131
860 0.2 .83424
860 0.3 .37089
860 0.4 .20783
860 0.5 .13329
860 0.6 .09292
860 0.7 .06799
860 0.8 .05220
860 0.9 .04127
860 1 .03333
860 2 .00835
860 3 .00378
860 4 .00223
860 5 .00156
860 6 .00126
860 7 .00113
860 8 .00112
860 9 .00117
860 10 .00127
860 11 .00141
860 12 .00158
860 13 .00178
860 14 .00201
860 15 .00226
860 16 .00253
860 17 .00283
860 18 .00315
860 19 .00349
860 20 .00385
860 25 .00595
860 30 .00851
860 35 .01157
860 40 .01513
860 45 .01909
860 50 .02361
860 55 .02854
860 60 .03402
880 0.1 3.01339
880 0.2 .75470
880 0.3 .33553
880 0.4 .18916
880 0.5 .12086
880 0.6 .08356
880 0.7 .06141
880 0.8 .04719
880 0.9 .03715
880 1 .03015
880 2 .00760
880 3 .00343
880 4 .00202
880 5 .00141
880 6 .00114
880 7 .00103
880 8 .00101
880 9 .00105
880 10 .00115
880 11 .00127
880 12 .00143
880 13 .00161
880 14 .00182
880 15 .00204
880 16 .00230
880 17 .00256
880 18 .00285
880 19 .00315
880 20 .00347
880 25 .00536
880 30 .00770
880 35 .01049
880 40 .01364
880 45 .01725
880 50 .02130
880 55 .02580
880 60 .03080
900 0.1 2.72106
900 0.2 .68299
900 0.3 .30363
900 0.4 .17099
900 0.5 .10927
900 0.6 .07588
900 0.7 .05579
900 0.8 .04270
900 0.9 .03372
900 1 .02730
900 2 .00685
900 3 .00309
900 4 .00183
900 5 .00128
900 6 .00103
900 7 .00093
900 8 .00091
900 9 .00095
900 10 .00103
900 11 .00115
900 12 .00129
900 13 .00145
900 14 .00164
900 15 .00185
900 16 .00207
900 17 .00231
900 18 .00257
900 19 .00286
900 20 .00314
900 25 .00486
900 30 .00694
900 35 .00945
900 40 .01232
900 45 .01560
900 50 .01928
900 55 .02327
900 60 .02770
920 0.1 2.46158
920 0.2 .61835
920 0.3 .27434
920 0.4 .15480
920 0.5 .09892
920 0.6 .06872
920 0.7 .05053
920 0.8 .03847
920 0.9 .03054
920 1 .02470
920 2 .00622
920 3 .00280
920 4 .00165
920 5 .00116
920 6 .00093
920 7 .00084
920 8 .00082
920 9 .00086
920 10 .00094
920 11 .00104
920 12 .00117
920 13 .00132
920 14 .00148
920 15 .00167
920 16 .00187
920 17 .00209
920 18 .00233
920 19 .00258
920 20 .00284
920 25 .00439
920 30 .00628
920 35 .00855
920 40 .01119
920 45 .01410
920 50 .01741
920 55 .02105
920 60 .02499
940 0.1 2.23339
940 0.2 .55964
940 0.3 .24881
940 0.4 .13955
940 0.5 .08992
940 0.6 .06221
940 0.7 .04575
940 0.8 .03495
940 0.9 .02755
940 1 .02231
940 2 .00564
940 3 .00254
940 4 .00150
940 5 .00105
940 6 .00084
940 7 .00076
940 8 .00074
940 9 .00078
940 10 .00085
940 11 .00094
940 12 .00105
940 13 .00119
940 14 .00134
940 15 .00150
940 16 .00169
940 17 .00189
940 18 .00210
940 19 .00233
940 20 .00256
940 25 .00396
940 30 .00565
940 35 .00773
940 40 .01008
940 45 .01275
940 50 .01577
940 55 .01903
940 60 .02266
960 0.1 2.02522
960 0.2 .50800
960 0.3 .22481
960 0.4 .12639
960 0.5 .08108
960 0.6 .05655
960 0.7 .04141
960 0.8 .03176
960 0.9 .02500
960 1 .02031
960 2 .00510
960 3 .00230
960 4 .00135
960 5 .00095
960 6 .00076
960 7 .00069
960 8 .00068
960 9 .00071
960 10 .00077
960 11 .00085
960 12 .00095
960 13 .00108
960 14 .00121
960 15 .00137
960 16 .00153
960 17 .00171
960 18 .00191
960 19 .00210
960 20 .00232
960 25 .00359
960 30 .00512
960 35 .00702
960 40 .00913
960 45 .01153
960 50 .01423
960 55 .01726
960 60 .02049
980 0.1 1.83683
980 0.2 .47419
980 0.3 .20457
980 0.4 .11517
980 0.5 .07361
980 0.6 .05138
980 0.7 .03767
980 0.8 .02875
980 0.9 .02277
980 1 .01846
980 2 .00462
980 3 .00209
980 4 .00123
980 5 .00086
980 6 .00069
980 7 .00062
980 8 .00061
980 9 .00064
980 10 .00069
980 11 .00077
980 12 .00087
980 13 .00098
980 14 .00110
980 15 .00124
980 16 .00139
980 17 .00155
980 18 .00173
980 19 .00191
980 20 .00211
980 25 .00325
980 30 .00467
980 35 .00634
980 40 .00825
980 45 .01047
980 50 .01293
980 55 .01564
980 60 .01864
1000 0.1 1.67088
1000 0.2 .41995
1000 0.3 .18674
1000 0.4 .10506
1000 0.5 .06675
1000 0.6 .04661
1000 0.7 .03429
1000 0.8 .02623
1000 0.9 .02059
1000 1 .01671
1000 2 .00422
1000 3 .00190
1000 4 .00112
1000 5 .00078
1000 6 .00063
1000 7 .00057
1000 8 .00056
1000 9 .00058
1000 10 .00063
1000 11 .00070
1000 12 .00078
1000 13 .00089
1000 14 .00099
1000 15 .00112
1000 16 .00126
1000 17 .00140
1000 18 .00157
1000 19 .00173
1000 20 .00191
1000 25 .00295
1000 30 .00424
1000 35 .00574
1000 40 .00752
1000 45 .00949
1000 50 .01160
1000 55 .01421
1000 60 .01677
