200 0.1 302.45261
200 0.2 75.98317
200 0.3 33.67545
200 0.4 18.96485
200 0.5 12.13818
200 0.6 8.41259
200 0.7 6.18170
200 0.8 4.73522
200 0.9 3.74372
200 1 3.02749
200 2 .75647
200 3 .33996
200 4 .19854
200 5 .13927
200 6 .11256
200 7 .10237
200 8 .10204
200 9 .10759
200 10 .11828
200 11 .13247
200 12 .14976
200 13 .16918
200 14 .19226
200 15 .21697
200 16 .24437
200 17 .27425
200 18 .30516
200 19 .33904
200 20 .37358
200 25 .58112
200 30 .83668
200 35 1.13812
200 40 1.48319
200 45 1.88339
200 50 2.32669
200 55 2.81833
200 60 3.35195
220 0.1 250.85864
220 0.2 62.96735
220 0.3 28.11667
220 0.4 15.81222
220 0.5 10.09536
220 0.6 6.99530
220 0.7 5.15135
220 0.8 3.93687
220 0.9 3.11222
220 1 2.51922
220 2 .63137
220 3 .28390
220 4 .16643
220 5 .11674
220 6 .09414
220 7 .08567
220 8 .08509
220 9 .08978
220 10 .09854
220 11 .11070
220 12 .12476
220 13 .14150
220 14 .16056
220 15 .18116
220 16 .20368
220 17 .22811
220 18 .25421
220 19 .28216
220 20 .31123
220 25 .48253
220 30 .69289
220 35 .94316
220 40 1.22993
220 45 1.55941
220 50 1.92694
220 55 2.33232
220 60 2.77513
240 0.1 209.23955
240 0.2 52.46429
240 0.3 23.35740
240 0.4 13.11610
240 0.5 8.38318
240 0.6 5.82924
240 0.7 4.27392
240 0.8 3.27476
240 0.9 2.58713
240 1 2.09518
240 2 .52162
240 3 .24173
240 4 .13914
240 5 .09741
240 6 .07874
240 7 .07164
240 8 .07098
240 9 .07529
240 10 .08253
240 11 .09211
240 12 .10406
240 13 .11802
240 14 .13354
240 15 .15065
240 16 .16932
240 17 .18997
240 18 .21132
240 19 .23478
240 20 .25835
240 25 .40087
240 30 .57294
240 35 .78122
240 40 1.02291
240 45 1.29453
240 50 1.59720
240 55 1.93326
240 60 2.30076
260 0.1 175.54652
260 0.2 43.70705
260 0.3 19.64984
260 0.4 11.12838
260 0.5 7.13114
260 0.6 4.97003
260 0.7 3.60937
260 0.8 2.74605
260 0.9 2.16712
260 1 1.78074
260 2 .44366
260 3 .19918
260 4 .11743
260 5 .08203
260 6 .06687
260 7 .06063
260 8 .06024
260 9 .06353
260 10 .07120
260 11 .07779
260 12 .08776
260 13 .09966
260 14 .11244
260 15 .12669
260 16 .14277
260 17 .15965
260 18 .17782
260 19 .19702
260 20 .21737
260 25 .33717
260 30 .48342
260 35 .65841
260 40 .85693
260 45 1.22075
260 50 1.33931
260 55 1.67402
260 60 1.92112
280 0.1 148.25499
280 0.2 37.33541
280 0.3 16.46217
280 0.4 9.34762
280 0.5 5.95113
280 0.6 4.12541
280 0.7 3.04208
280 0.8 2.42938
280 0.9 1.84106
280 1 1.48904
280 2 .38442
280 3 .16974
280 4 .09913
280 5 .07065
280 6 .05372
280 7 .05076
280 8 .09220
280 9 .05357
280 10 .05960
280 11 .06553
280 12 .07472
280 13 .08377
280 14 .09314
280 15 .10426
280 16 .11989
280 17 .13421
280 18 .14578
280 19 .18396
280 20 .17809
280 25 .28577
280 30 .42993
280 35 .54924
280 40 .71822
280 45 .90231
280 50 1.13316
280 55 1.36966
280 60 1.63438
300 0.1 125.19369
300 0.2 31.44417
300 0.3 13.97451
300 0.4 7.86093
300 0.5 5.02894
300 0.6 3.48990
300 0.7 2.56710
300 0.8 1.96587
300 0.9 1.55183
300 1 1.25650
300 2 .31502
300 3 .14153
300 4 .08353
300 5 .05874
300 6 .04753
300 7 .04316
300 8 .04284
300 9 .04521
300 10 .04941
300 11 .05497
300 12 .06204
300 13 .07026
300 14 .07960
300 15 .08977
300 16 .10058
300 17 .11272
300 18 .12522
300 19 .13914
300 20 .15364
300 25 .23769
300 30 .34139
300 35 .46447
300 40 .60518
300 45 .76594
300 50 .94620
300 55 1.14562
300 60 1.36323
320 0.1 106.81758
320 0.2 26.82095
320 0.3 11.92659
320 0.4 6.70710
320 0.5 4.29719
320 0.6 2.98051
320 0.7 2.19152
320 0.8 1.68159
320 0.9 1.32619
320 1 1.07405
320 2 .26941
320 3 .12146
320 4 .07161
320 5 .05015
320 6 .04071
320 7 .03694
320 8 .03663
320 9 .03861
320 10 .04219
320 11 .04712
320 12 .05305
320 13 .05994
320 14 .06776
320 15 .07660
320 16 .08576
320 17 .09604
320 18 .10707
320 19 .11845
320 20 .13096
320 25 .20683
320 30 .29046
320 35 .39501
320 40 .51524
320 45 .65102
320 50 .80582
320 55 .97459
320 60 1.16103
340 0.1 90.36045
340 0.2 22.71662
340 0.3 10.11804
340 0.4 5.70341
340 0.5 3.64557
340 0.6 2.53862
340 0.7 1.85369
340 0.8 1.43292
340 0.9 1.12620
340 1 .91014
340 2 .22877
340 3 .10355
340 4 .06080
340 5 .04297
340 6 .03463
340 7 .03139
340 8 .03126
340 9 .03274
340 10 .03585
340 11 .04003
340 12 .04517
340 13 .05099
340 14 .05750
340 15 .06491
340 16 .07280
340 17 .08142
340 18 .09040
340 19 .10060
340 20 .11062
340 25 12.31704
340 30 .24576
340 35 .33529
340 40 .43572
340 45 .55217
340 50 .68053
340 55 .82518
340 60 .98003
360 0.1 77.95610
360 0.2 19.65299
360 0.3 8.69690
360 0.4 4.90152
360 0.5 3.13640
360 0.6 2.17546
360 0.7 1.59904
360 0.8 1.22334
360 0.9 .96610
360 1 .78293
360 2 .19686
360 3 .08842
360 4 .05204
360 5 .03663
360 6 .02972
360 7 .02695
360 8 .02666
360 9 .02825
360 10 .03081
360 11 .03425
360 12 .03852
360 13 .04399
360 14 .04940
360 15 .05556
360 16 .06223
360 17 .06964
360 18 .07773
360 19 .08592
360 20 .09483
360 25 .14754
360 30 .21133
360 35 .28743
360 40 .37508
360 45 .47422
360 50 .58391
360 55 .70786
360 60 .84155
380 0.1 66.96897
380 0.2 16.81661
380 0.3 7.48240
380 0.4 4.20741
380 0.5 2.69363
380 0.6 1.86852
380 0.7 1.37452
380 0.8 1.05184
380 0.9 .83135
380 1 .67392
380 2 .16900
380 3 .07642
380 4 .04484
380 5 .03159
380 6 .02565
380 7 .02331
380 8 .02305
380 9 .02427
380 10 .02649
380 11 .02950
380 12 .03321
380 13 .03756
380 14 .04236
380 15 .04766
380 16 .05348
380 17 .05997
380 18 .06674
380 19 .07371
380 20 .08152
380 25 .12623
380 30 .18091
380 35 .24570
380 40 .32044
380 45 .40526
380 50 .50073
380 55 .60589
380 60 .72187
400 0.1 57.40450
400 0.2 14.41141
400 0.3 6.41047
400 0.4 3.60652
400 0.5 2.30919
400 0.6 1.60460
400 0.7 1.17927
400 0.8 .90333
400 0.9 .71151
400 1 .57849
400 2 .14511
400 3 .06547
400 4 .03860
400 5 .02713
400 6 .02194
400 7 .01989
400 8 .01967
400 9 .02075
400 10 .02262
400 11 .02529
400 12 .02848
400 13 .03228
400 14 .03634
400 15 .04092
400 16 .04598
400 17 .05137
400 18 .05702
400 19 .06307
400 20 .07002
400 25 .10796
400 30 .15514
400 35 .21035
400 40 .27524
400 45 .34895
400 50 .42912
400 55 .51887
400 60 .61791
420 0.1 49.72455
420 0.2 12.49586
420 0.3 5.56108
420 0.4 3.12900
420 0.5 2.00067
420 0.6 1.39110
420 0.7 1.02137
420 0.8 .78171
420 0.9 .61793
420 1 .50073
420 2 .12543
420 3 .05673
420 4 .03347
420 5 .02354
420 6 .01907
420 7 .01724
420 8 .01711
420 9 .01801
420 10 .01966
420 11 .02188
420 12 .02465
420 13 .02784
420 14 .03141
420 15 .03535
420 16 .03973
420 17 .04437
420 18 .04940
420 19 .05476
420 20 .06028
420 25 .09322
420 30 .13377
420 35 .18196
420 40 .23742
420 45 .30034
420 50 .37103
420 55 .44889
420 60 .53345
440 0.1 43.00877
440 0.2 10.82796
440 0.3 4.81099
440 0.4 2.70956
440 0.5 1.73127
440 0.6 1.19869
440 0.7 .88432
440 0.8 .67479
440 0.9 .53406
440 1 .43191
440 2 .10850
440 3 .04909
440 4 .02910
440 5 .02038
440 6 .01649
440 7 .01492
440 8 .01481
440 9 .01555
440 10 .01696
440 11 .01891
440 12 .02135
440 13 .02404
440 14 .02716
440 15 .03046
440 16 .03427
440 17 .03829
440 18 .04270
440 19 .04715
440 20 .05196
440 25 .08048
440 30 .11573
440 35 .15671
440 40 .20439
440 45 .25834
440 50 .32033
440 55 .38690
440 60 .45948
460 0.1 37.30468
460 0.2 9.38025
460 0.3 4.16928
460 0.4 2.34770
460 0.5 1.50062
460 0.6 1.04284
460 0.7 .76628
460 0.8 .58801
460 0.9 .46373
460 1 .37440
460 2 .09413
460 3 .04262
460 4 .02512
460 5 .01765
460 6 .01430
460 7 .01295
460 8 .01282
460 9 .01346
460 10 .01468
460 11 .01637
460 12 .01845
460 13 .02079
460 14 .02342
460 15 .02642
460 16 .02964
460 17 .03307
460 18 .03684
460 19 .04072
460 20 .04498
460 25 .06941
460 30 .09979
460 35 .13560
460 40 .17698
460 45 .22419
460 50 .27607
460 55 .33428
460 60 .39839
480 0.1 32.55616
480 0.2 8.18720
480 0.3 3.63956
480 0.4 2.04662
480 0.5 1.31562
480 0.6 .91099
480 0.7 .66915
480 0.8 .51280
480 0.9 .40468
480 1 .32869
480 2 .08218
480 3 .03710
480 4 .02191
480 5 .01542
480 6 .01248
480 7 .01130
480 8 .01120
480 9 .01174
480 10 .01281
480 11 .01424
480 12 .01603
480 13 .01811
480 14 .02043
480 15 .02302
480 16 .02581
480 17 .02886
480 18 .03213
480 19 .03553
480 20 .03921
480 25 .06072
480 30 .08681
480 35 .11812
480 40 .15393
480 45 .19490
480 50 .24066
480 55 .29124
480 60 .34639
500 0.1 28.47208
500 0.2 7.16164
500 0.3 3.18117
500 0.4 1.78945
500 0.5 1.14644
500 0.6 .79492
500 0.7 .58343
500 0.8 .44742
500 0.9 .35426
500 1 .28708
500 2 .07184
500 3 .03246
500 4 .01912
500 5 .01347
500 6 .01087
500 7 .00988
500 8 .00977
500 9 .01026
500 10 .01114
500 11 .01242
500 12 .01398
500 13 .01577
500 14 .01782
500 15 .01999
500 16 .02249
500 17 .02513
500 18 .02801
500 19 .03101
500 20 .03415
500 25 .05266
500 30 .07581
500 35 .10306
500 40 .13408
500 45 .17002
500 50 .20947
500 55 .25376
500 60 .30255
520 0.1 24.97461
520 0.2 6.27618
520 0.3 2.79697
520 0.4 1.56404
520 0.5 1.00601
520 0.6 .69759
520 0.7 .51270
520 0.8 .39257
520 0.9 .31024
520 1 .25161
520 2 .06294
520 3 .02845
520 4 .01679
520 5 .01178
520 6 .00956
520 7 .00865
520 8 .00855
520 9 .00895
520 10 .00978
520 11 .01090
520 12 .01222
520 13 .01384
520 14 .01561
520 15 .01757
520 16 .01968
520 17 .02203
520 18 .02450
520 19 .02711
520 20 .02998
520 25 .04617
520 30 .06626
520 35 .09005
520 40 .11758
520 45 .14869
520 50 .18323
520 55 .22213
520 60 .26443
540 0.1 21.77305
540 0.2 5.51552
540 0.3 2.43837
540 0.4 1.38009
540 0.5 .88358
540 0.6 .61059
540 0.7 .45129
540 0.8 .34298
540 0.9 .27142
540 1 .21999
540 2 .05572
540 3 .02499
540 4 .01474
540 5 .01032
540 6 .00839
540 7 .00760
540 8 .00747
540 9 .00790
540 10 .00858
540 11 .00950
540 12 .01076
540 13 .01205
540 14 .01367
540 15 .01545
540 16 .01728
540 17 .01935
540 18 .02147
540 19 .02381
540 20 .02620
540 25 .04040
540 30 .05786
540 35 .07890
540 40 .10256
540 45 .13114
540 50 .15949
540 55 .19377
540 60 .23084
560 0.1 19.21681
560 0.2 4.83014
560 0.3 2.15752
560 0.4 1.20944
560 0.5 .77304
560 0.6 .53609
560 0.7 .39596
560 0.8 .30334
560 0.9 .23825
560 1 .19398
560 2 .04862
560 3 .02193
560 4 .01289
560 5 .00912
560 6 .00734
560 7 .00669
560 8 .00658
560 9 .00690
560 10 .00753
560 11 .00839
560 12 .00938
560 13 .01063
560 14 .01195
560 15 .01351
560 16 .01507
560 17 .01684
560 18 .01879
560 19 .02085
560 20 .02285
560 25 .03557
560 30 .05089
560 35 .06860
560 40 .09032
560 45 .11439
560 50 .14038
560 55 .16986
560 60 .20322
580 0.1 17.00009
580 0.2 4.27699
580 0.3 1.90636
580 0.4 1.07144
580 0.5 .68461
580 0.6 .47652
580 0.7 .35029
580 0.8 .26781
580 0.9 .21127
580 1 .17153
580 2 .04297
580 3 .01943
580 4 .01145
580 5 .00806
580 6 .00651
580 7 .00590
580 8 .00582
580 9 .00609
580 10 .00665
580 11 .00739
580 12 .00830
580 13 .00937
580 14 .01059
580 15 .01191
580 16 .01337
580 17 .01492
580 18 .01659
580 19 .01840
580 20 .02025
580 25 .03128
580 30 .04488
580 35 .06110
580 40 .07962
580 45 .10063
580 50 .12425
580 55 .15058
580 60 .17920
600 0.1 15.00940
600 0.2 3.77823
600 0.3 1.67756
600 0.4 .94506
600 0.5 .60511
600 0.6 .41980
600 0.7 .30853
600 0.8 .23612
600 0.9 .18667
600 1 .15120
600 2 .03796
600 3 .01717
600 4 .01096
600 5 .00710
600 6 .00572
600 7 .00521
600 8 .00513
600 9 .00538
600 10 .00586
600 11 .00650
600 12 .00731
600 13 .00826
600 14 .00932
600 15 .01047
600 16 .01177
600 17 .01316
600 18 .01465
600 19 .01617
600 20 .01785
600 25 .02756
600 30 .03959
600 35 .05377
600 40 .07000
600 45 .08890
600 50 .10952
600 55 .13257
600 60 .15768
620 0.1 13.26302
620 0.2 3.34272
620 0.3 1.48355
620 0.4 .83628
620 0.5 .53333
620 0.6 .37158
620 0.7 .27287
620 0.8 .20864
620 0.9 .16526
620 1 .13365
620 2 .03352
620 3 .01518
620 4 .00895
620 5 .00628
620 6 .00507
620 7 .00460
620 8 .00454
620 9 .00476
620 10 .00518
620 11 .00574
620 12 .00647
620 13 .00729
620 14 .00823
620 15 .00926
620 16 .01038
620 17 .01160
620 18 .01293
620 19 .01426
620 20 .01574
620 25 .02416
620 30 .03485
620 35 .04728
620 40 .06197
620 45 .07822
620 50 .09656
620 55 .11714
620 60 .13906
640 0.1 11.75296
640 0.2 2.95734
640 0.3 1.31284
640 0.4 .73964
640 0.5 .47298
640 0.6 .32846
640 0.7 .24112
640 0.8 .18461
640 0.9 .14574
640 1 .11810
640 2 .02964
640 3 .01342
640 4 .00791
640 5 .00556
640 6 .00449
640 7 .00406
640 8 .00402
640 9 .00420
640 10 .00457
640 11 .00508
640 12 .00571
640 13 .00646
640 14 .00727
640 15 .00819
640 16 .00918
640 17 .01024
640 18 .01139
640 19 .01262
640 20 .01391
640 25 .02152
640 30 .03081
640 35 .04177
640 40 .05468
640 45 .06910
640 50 .08533
640 55 .10314
640 60 .12290
660 0.1 10.43529
660 0.2 2.62135
660 0.3 1.16903
660 0.4 .65659
660 0.5 .41984
660 0.6 .29171
660 0.7 .21445
660 0.8 .16412
660 0.9 .12962
660 1 .10495
660 2 .02641
660 3 .01194
660 4 .00645
660 5 .00493
660 6 .00398
660 7 .00361
660 8 .00356
660 9 .00373
660 10 .00405
660 11 .00451
660 12 .00507
660 13 .00571
660 14 .00646
660 15 .00726
660 16 .00814
660 17 .00914
660 18 .01011
660 19 .01121
660 20 .01236
660 25 .01905
660 30 .02733
660 35 .03711
660 40 .04841
660 45 .06133
660 50 .07564
660 55 .09166
660 60 .10897
680 0.1 9.27404
680 0.2 2.32936
680 0.3 1.03667
680 0.4 .58266
680 0.5 .37358
680 0.6 .25855
680 0.7 .19041
680 0.8 .14588
680 0.9 .11506
680 1 .09322
680 2 .02339
680 3 .01055
680 4 .00624
680 5 .00438
680 6 .00355
680 7 .00320
680 8 .00316
680 9 .00331
680 10 .00360
680 11 .00399
680 12 .00450
680 13 .00506
680 14 .00571
680 15 .00644
680 16 .00724
680 17 .00806
680 18 .00895
680 19 .00991
680 20 .01093
680 25 .01690
680 30 .02419
680 35 .03287
680 40 .04298
680 45 .05433
680 50 .06716
680 55 .08118
680 60 .09667
700 0.1 8.25622
700 0.2 2.07498
700 0.3 .92297
700 0.4 .51872
700 0.5 .33204
700 0.6 .23058
700 0.7 .16960
700 0.8 .12996
700 0.9 .10252
700 1 .08310
700 2 .02086
700 3 .00944
700 4 .00554
700 5 .00390
700 6 .00314
700 7 .00285
700 8 .00281
700 9 .00294
700 10 .00319
700 11 .00355
700 12 .00398
700 13 .00450
700 14 .00508
700 15 .00569
700 16 .00642
700 17 .00716
700 18 .00795
700 19 .00880
700 20 .00969
700 25 .01503
700 30 .02159
700 35 .02921
700 40 .03825
700 45 .04824
700 50 .05961
700 55 .07202
700 60 .08568
720 0.1 7.40404
720 0.2 1.85979
720 0.3 .82767
720 0.4 .46544
720 0.5 .29769
720 0.6 .20681
720 0.7 .15201
720 0.8 .11625
720 0.9 .09169
720 1 .07448
720 2 .01867
720 3 .00845
720 4 .00497
720 5 .00349
720 6 .00283
720 7 .00255
720 8 .00252
720 9 .00263
720 10 .00286
720 11 .00317
720 12 .00356
720 13 .00403
720 14 .00454
720 15 .00510
720 16 .00573
720 17 .00640
720 18 .00711
720 19 .00789
720 20 .00869
720 25 .01341
720 30 .01932
720 35 .02612
720 40 .03412
720 45 .04310
720 50 .05332
720 55 .06450
720 60 .07675
740 0.1 6.60706
740 0.2 1.66316
740 0.3 .73701
740 0.4 .41608
740 0.5 .26670
740 0.6 .18529
740 0.7 .13541
740 0.8 .10403
740 0.9 .08189
740 1 .06627
740 2 .01671
740 3 .00753
740 4 .00445
740 5 .00311
740 6 .00251
740 7 .00227
740 8 .00224
740 9 .00235
740 10 .00255
740 11 .00283
740 12 .00317
740 13 .00359
740 14 .00404
740 15 .00456
740 16 .00510
740 17 .00570
740 18 .00632
740 19 .00704
740 20 .00775
740 25 .01191
740 30 .01715
740 35 .02331
740 40 .03045
740 45 .03837
740 50 .04734
740 55 .05737
740 60 .06831
760 0.1 5.92530
760 0.2 1.48176
760 0.3 .65952
760 0.4 .37021
760 0.5 .23841
760 0.6 .16511
760 0.7 .12150
760 0.8 .09273
760 0.9 .07328
760 1 .05952
760 2 .01498
760 3 .00675
760 4 .00396
760 5 .00278
760 6 .00224
760 7 .00204
760 8 .00200
760 9 .00210
760 10 .00227
760 11 .00254
760 12 .00283
760 13 .00320
760 14 .00361
760 15 .00407
760 16 .00455
760 17 .00507
760 18 .00565
760 19 .00624
760 20 .00690
760 25 .01066
760 30 .01529
760 35 .02078
760 40 .02713
760 45 .03444
760 50 .04225
760 55 .05116
760 60 .06086
780 0.1 5.30178
780 0.2 1.33373
780 0.3 .59178
780 0.4 .33296
780 0.5 .21259
780 0.6 .14813
780 0.7 .10859
780 0.8 .08321
780 0.9 .06571
780 1 .05323
780 2 .01336
780 3 .00605
780 4 .00356
780 5 .00249
780 6 .00201
780 7 .00182
780 8 .00179
780 9 .00188
780 10 .00204
780 11 .00226
780 12 .00254
780 13 .00287
780 14 .00322
780 15 .00364
780 16 .00407
780 17 .00456
780 18 .00506
780 19 .00561
780 20 .00618
780 25 .00952
780 30 .01372
780 35 .01861
780 40 .02427
780 45 .03072
780 50 .03776
780 55 .04590
780 60 .05445
800 0.1 4.75382
800 0.2 1.19245
800 0.3 .52967
800 0.4 .29815
800 0.5 .19076
800 0.6 .13267
800 0.7 .09720
800 0.8 .07449
800 0.9 .05891
800 1 .04767
800 2 .01197
800 3 .00541
800 4 .00319
800 5 .00224
800 6 .00180
800 7 .00163
800 8 .00160
800 9 .00168
800 10 .00182
800 11 .00203
800 12 .00228
800 13 .00257
800 14 .00289
800 15 .00325
800 16 .00365
800 17 .00408
800 18 .00453
800 19 .00500
800 20 .00553
800 25 .00853
800 30 .01223
800 35 .01665
800 40 .02161
800 45 .02748
800 50 .03390
800 55 .04102
800 60 .04877
820 0.1 4.27489
820 0.2 1.07459
820 0.3 .47691
820 0.4 .26788
820 0.5 .17059
820 0.6 .11937
820 0.7 .08758
820 0.8 .06706
820 0.9 .05288
820 1 .04288
820 2 .01078
820 3 .00486
820 4 .00287
820 5 .00202
820 6 .00162
820 7 .00146
820 8 .00144
820 9 .00150
820 10 .00164
820 11 .00182
820 12 .00204
820 13 .00230
820 14 .00260
820 15 .00292
820 16 .00327
820 17 .00365
820 18 .00406
820 19 .00452
820 20 .00497
820 25 .00767
820 30 .01100
820 35 .01493
820 40 .01961
820 45 .02467
820 50 .03047
820 55 .03683
820 60 .04383
840 0.1 3.83384
840 0.2 .96570
840 0.3 .42993
840 0.4 .24145
840 0.5 .15444
840 0.6 .10738
840 0.7 .07902
840 0.8 .06037
840 0.9 .04769
840 1 .03853
840 2 .00970
840 3 .00438
840 4 .00259
840 5 .00181
840 6 .00146
840 7 .00132
840 8 .00129
840 9 .00135
840 10 .00147
840 11 .00164
840 12 .00183
840 13 .00207
840 14 .00233
840 15 .00262
840 16 .00293
840 17 .00329
840 18 .00366
840 19 .00405
840 20 .00446
840 25 .00688
840 30 .00989
840 35 .01343
840 40 .01753
840 45 .02213
840 50 .02738
840 55 .03315
840 60 .03949
860 0.1 3.47183
860 0.2 .86920
860 0.3 .38646
860 0.4 .21730
860 0.5 .13917
860 0.6 .09671
860 0.7 .07100
860 0.8 .05434
860 0.9 .04500
860 1 .03485
860 2 .00875
860 3 .00394
860 4 .00233
860 5 .00163
860 6 .00131
860 7 .00118
860 8 .00117
860 9 .00122
860 10 .00132
860 11 .00147
860 12 .00165
860 13 .00186
860 14 .00210
860 15 .00236
860 16 .00264
860 17 .00295
860 18 .00329
860 19 .00364
860 20 .00402
860 25 .00619
860 30 .00889
860 35 .01206
860 40 .01576
860 45 .01992
860 50 .02462
860 55 .02973
860 60 .03539
880 0.1 3.12242
880 0.2 .78448
880 0.3 .34904
880 0.4 .19637
880 0.5 .12566
880 0.6 .08727
880 0.7 .06429
880 0.8 .04916
880 0.9 .03860
880 1 .03133
880 2 .00790
880 3 .00356
880 4 .00210
880 5 .00147
880 6 .00118
880 7 .00107
880 8 .00105
880 9 .00110
880 10 .00119
880 11 .00132
880 12 .00148
880 13 .00167
880 14 .00189
880 15 .00213
880 16 .00239
880 17 .00266
880 18 .00297
880 19 .00328
880 20 .00362
880 25 .00558
880 30 .00801
880 35 .01087
880 40 .01421
880 45 .01797
880 50 .02215
880 55 .02690
880 60 .03184
900 0.1 2.82512
900 0.2 .70708
900 0.3 .31524
900 0.4 .17706
900 0.5 .11342
900 0.6 .07892
900 0.7 .05781
900 0.8 .04446
900 0.9 .03499
900 1 .02830
900 2 .00713
900 3 .00322
900 4 .00190
900 5 .00133
900 6 .00107
900 7 .00096
900 8 .00095
900 9 .00099
900 10 .00108
900 11 .00119
900 12 .00134
900 13 .00151
900 14 .00170
900 15 .00192
900 16 .00215
900 17 .00240
900 18 .00267
900 19 .00296
900 20 .00327
900 25 .00504
900 30 .00720
900 35 .00983
900 40 .01280
900 45 .01620
900 50 .02000
900 55 .02422
900 60 .02881
920 0.1 2.56192
920 0.2 .64070
920 0.3 .28459
920 0.4 .16044
920 0.5 .10260
920 0.6 .07110
920 0.7 .05224
920 0.8 .04009
920 0.9 .03160
920 1 .02570
920 2 .00643
920 3 .00291
920 4 .00171
920 5 .00120
920 6 .00096
920 7 .00087
920 8 .00086
920 9 .00090
920 10 .00097
920 11 .00108
920 12 .00121
920 13 .00136
920 14 .00154
920 15 .00173
920 16 .00194
920 17 .00217
920 18 .00241
920 19 .00267
920 20 .00295
920 25 .00454
920 30 .00652
920 35 .00883
920 40 .01156
920 45 .01459
920 50 .01803
920 55 .02178
920 60 .02594
940 0.1 2.31449
940 0.2 .58036
940 0.3 .25757
940 0.4 .14502
940 0.5 .09291
940 0.6 .06446
940 0.7 .04744
940 0.8 .03621
940 0.9 .02865
940 1 .02322
940 2 .00581
940 3 .00263
940 4 .00155
940 5 .00108
940 6 .00087
940 7 .00079
940 8 .00077
940 9 .00081
940 10 .00088
940 11 .00097
940 12 .00109
940 13 .00123
940 14 .00139
940 15 .00156
940 16 .00175
940 17 .00196
940 18 .00218
940 19 .00241
940 20 .00266
940 25 .00409
940 30 .00589
940 35 .00798
940 40 .01044
940 45 .01322
940 50 .01626
940 55 .01974
940 60 .02350
960 0.1 2.09154
960 0.2 .52613
960 0.3 .23362
960 0.4 .13144
960 0.5 .08423
960 0.6 .05844
960 0.7 .04292
960 0.8 .03293
960 0.9 .02600
960 1 .02103
960 2 .00527
960 3 .00238
960 4 .00140
960 5 .00098
960 6 .00079
960 7 .00071
960 8 .00070
960 9 .00073
960 10 .00080
960 11 .00087
960 12 .00099
960 13 .00111
960 14 .00126
960 15 .00142
960 16 .00158
960 17 .00177
960 18 .00197
960 19 .00218
960 20 .00241
960 25 .00370
960 30 .00532
960 35 .00722
960 40 .00945
960 45 .01194
960 50 .01473
960 55 .01783
960 60 .02126
980 0.1 1.90157
980 0.2 .47719
980 0.3 .21252
980 0.4 .11928
980 0.5 .07637
980 0.6 .05301
980 0.7 .03899
980 0.8 .02984
980 0.9 .02356
980 1 .01908
980 2 .00478
980 3 .00216
980 4 .00127
980 5 .00089
980 6 .00072
980 7 .00064
980 8 .00063
980 9 .00066
980 10 .00072
980 11 .00079
980 12 .00089
980 13 .00101
980 14 .00114
980 15 .00127
980 16 .00143
980 17 .00160
980 18 .00179
980 19 .00197
980 20 .00218
980 25 .00336
980 30 .00481
980 35 .00655
980 40 .00853
980 45 .01084
980 50 .01329
980 55 .01611
980 60 .01923
1000 0.1 1.72602
1000 0.2 .43291
1000 0.3 .19269
1000 0.4 .10839
1000 0.5 .06920
1000 0.6 .04806
1000 0.7 .03535
1000 0.8 .02694
1000 0.9 .02134
1000 1 .01734
1000 2 .00435
1000 3 .00197
1000 4 .00115
1000 5 .00081
1000 6 .00065
1000 7 .00058
1000 8 .00057
1000 9 .00060
1000 10 .00065
1000 11 .00073
1000 12 .00081
1000 13 .00091
1000 14 .00103
1000 15 .00116
1000 16 .00130
1000 17 .00145
1000 18 .00161
1000 19 .00179
1000 20 .00197
1000 25 .00305
1000 30 .00437
1000 35 .00595
1000 40 .00775
1000 45 .00978
1000 50 .01209
1000 55 .01432
1000 60 .01743
