200 0.1 302.90802
200 0.2 75.87250
200 0.3 33.77520
200 0.4 18.96255
200 0.5 12.15982
200 0.6 8.44148
200 0.7 6.19184
200 0.8 4.73047
200 0.9 3.73931
200 1 3.02658
200 2 .75716
200 3 .34034
200 4 .19947
200 5 .13977
200 6 .11219
200 7 .10208
200 8 .10148
200 9 .11288
200 10 .11784
200 11 .13263
200 12 .14992
200 13 .17038
200 14 .19291
200 15 .21772
200 16 .24558
200 17 .27447
200 18 .30590
200 19 .33957
200 20 .37414
200 25 .58146
200 30 .83580
200 35 1.13446
200 40 1.48832
200 45 1.88318
200 50 2.32531
200 55 2.81279
200 60 3.34581
220 0.1 251.16396
220 0.2 62.83413
220 0.3 27.95894
220 0.4 15.69870
220 0.5 10.04114
220 0.6 6.97629
220 0.7 5.12291
220 0.8 3.92147
220 0.9 3.09728
220 1 2.50639
220 2 .62687
220 3 .28305
220 4 .16614
220 5 .11638
220 6 .09414
220 7 .08568
220 8 .08499
220 9 .08976
220 10 .09862
220 11 .11032
220 12 .12499
220 13 .14120
220 14 .15985
220 15 .18076
220 16 .20305
220 17 .22731
220 18 .25278
220 19 .28047
220 20 .30983
220 25 .48123
220 30 .68798
220 35 .93639
220 40 1.22411
220 45 1.54969
220 50 1.91613
220 55 2.31843
220 60 2.75762
240 0.1 209.66443
240 0.2 52.41874
240 0.3 23.33276
240 0.4 13.12585
240 0.5 8.38895
240 0.6 5.83891
240 0.7 4.28218
240 0.8 3.27331
240 0.9 2.58923
240 1 2.09662
240 2 .52442
240 3 .23642
240 4 .13902
240 5 .09727
240 6 .07874
240 7 .07171
240 8 .07129
240 9 .07516
240 10 .08203
240 11 .09206
240 12 .10423
240 13 .11814
240 14 .13344
240 15 .15038
240 16 .16921
240 17 .18979
240 18 .21091
240 19 .23433
240 20 .25797
240 25 .40093
240 30 .57445
240 35 .78193
240 40 1.02252
240 45 1.29411
240 50 1.59612
240 55 1.93687
240 60 2.30344
260 0.1 176.39753
260 0.2 44.14529
260 0.3 19.63071
260 0.4 11.06857
260 0.5 7.07491
260 0.6 4.91090
260 0.7 3.60907
260 0.8 2.75974
260 0.9 2.18379
260 1 1.76073
260 2 .44281
260 3 .19948
260 4 .11689
260 5 .08219
260 6 .06640
260 7 .06032
260 8 .05992
260 9 .06376
260 10 .06927
260 11 .07797
260 12 .08739
260 13 .09941
260 14 .21796
260 15 .12666
260 16 .14248
260 17 .15906
260 18 .17858
260 19 .19653
260 20 .21672
260 25 .33569
260 30 .48294
260 35 .65868
260 40 .85715
260 45 1.08523
260 50 1.34242
260 55 1.62127
260 60 1.92800
280 0.1 147.89325
280 0.2 31.30735
280 0.3 16.50012
280 0.4 9.30591
280 0.5 6.10992
280 0.6 4.12120
280 0.7 3.04344
280 0.8 2.32271
280 0.9 1.83453
280 1 1.48289
280 2 .62943
280 3 .16790
280 4 .09365
280 5 .06968
280 6 .05614
280 7 .05106
280 8 .04932
280 9 .05342
280 10 .05848
280 11 .06532
280 12 .07375
280 13 .08339
280 14 .09483
280 15 .10765
280 16 .09569
280 17 .13338
280 18 .14852
280 19 .32538
280 20 .17875
280 25 .28139
280 30 .40398
280 35 .54877
280 40 .72453
280 45 .90974
280 50 .96959
280 55 1.27749
280 60 1.29523
300 0.1 124.72219
300 0.2 31.26004
300 0.3 13.99104
300 0.4 7.82823
300 0.5 5.01809
300 0.6 3.47889
300 0.7 2.55365
300 0.8 1.94773
300 0.9 1.54724
300 1 1.25818
300 2 .31450
300 3 .14203
300 4 .08353
300 5 .05869
300 6 .04761
300 7 .04331
300 8 .04271
300 9 .04532
300 10 .04944
300 11 .05500
300 12 .06224
300 13 .07028
300 14 .07954
300 15 .08943
300 16 .10033
300 17 .11195
300 18 .12439
300 19 .13936
300 20 .15398
300 25 .23725
300 30 .33991
300 35 .46261
300 40 .60393
300 45 .76508
300 50 .94378
300 55 1.14317
300 60 1.36078
320 0.1 106.12651
320 0.2 26.32227
320 0.3 11.91333
320 0.4 6.72515
320 0.5 4.24363
320 0.6 2.95133
320 0.7 2.17117
320 0.8 1.76599
320 0.9 1.33932
320 1 1.07034
320 2 .26930
320 3 .12017
320 4 .05226
320 5 .04728
320 6 .04238
320 7 .03511
320 8 .03629
320 9 .03826
320 10 .01884
320 11 .03826
320 12 .04998
320 13 .06855
320 14 .00954
320 15 .07689
320 16 .09272
320 17 .09559
320 18 .10623
320 19 .12528
320 20 .12790
320 25 .19990
320 30 .29576
320 35 .39117
320 40 .51215
320 45 .63476
320 50 .80353
320 55 .97447
320 60 1.10497
340 0.1 91.03271
340 0.2 22.81347
340 0.3 10.14631
340 0.4 5.72324
340 0.5 3.65307
340 0.6 2.52741
340 0.7 1.88692
340 0.8 1.41790
340 0.9 1.12899
340 1 .91335
340 2 .22644
340 3 .10331
340 4 .06121
340 5 .04303
340 6 .03485
340 7 .03166
340 8 .03136
340 9 .03299
340 10 .03580
340 11 .04029
340 12 .04530
340 13 .05127
340 14 .05769
340 15 .06527
340 16 .07377
340 17 .08135
340 18 .09140
340 19 .10071
340 20 .11180
340 25 .17157
340 30 .25028
340 35 .33550
340 40 .43744
340 45 .55476
340 50 .67451
340 55 .82851
340 60 .98595
360 0.1 77.92993
360 0.2 19.61163
360 0.3 8.71275
360 0.4 4.90561
360 0.5 3.13931
360 0.6 2.18322
360 0.7 1.60080
360 0.8 1.22546
360 0.9 .96820
360 1 .78308
360 2 .19696
360 3 .08888
360 4 .05223
360 5 .03663
360 6 .02958
360 7 .02690
360 8 .02675
360 9 .02812
360 10 .03073
360 11 .07026
360 12 .03848
360 13 .04362
360 14 .04918
360 15 .05555
360 16 .06234
360 17 .06971
360 18 .07775
360 19 .08621
360 20 .09489
360 25 .14715
360 30 .21079
360 35 .28615
360 40 .37511
360 45 .47441
360 50 .58433
360 55 .70739
360 60 .84285
380 0.1 66.67599
380 0.2 16.77005
380 0.3 7.44872
380 0.4 4.18951
380 0.5 2.68198
380 0.6 1.86179
380 0.7 1.37026
380 0.8 1.04759
380 0.9 .82759
380 1 .67053
380 2 .16788
380 3 .07598
380 4 .04486
380 5 .03144
380 6 .02552
380 7 .02300
380 8 .02289
380 9 .02404
380 10 .02629
380 11 .02925
380 12 .03308
380 13 .03734
380 14 .04216
380 15 .04755
380 16 .05341
380 17 .05965
380 18 .06643
380 19 .07368
380 20 .08116
380 25 .12558
380 30 .18026
380 35 .24451
380 40 .31971
380 45 .40462
380 50 .49872
380 55 .60346
380 60 .71762
400 0.1 57.28916
400 0.2 14.39140
400 0.3 6.39516
400 0.4 3.59955
400 0.5 2.30326
400 0.6 1.59868
400 0.7 1.17425
400 0.8 .89823
400 0.9 .71057
400 1 .57527
400 2 .14428
400 3 .06520
400 4 .03851
400 5 .02697
400 6 .02177
400 7 .01977
400 8 .01966
400 9 .02068
400 10 .02248
400 11 .02506
400 12 .02821
400 13 .03201
400 14 .03610
400 15 .04072
400 16 .04569
400 17 .05117
400 18 .05684
400 19 .06295
400 20 .06951
400 25 .10757
400 30 .15431
400 35 .20946
400 40 .27397
400 45 .34643
400 50 .42754
400 55 .51806
400 60 .61549
420 0.1 49.42034
420 0.2 12.40960
420 0.3 5.51427
420 0.4 3.10182
420 0.5 1.98462
420 0.6 1.37920
420 0.7 1.01316
420 0.8 .77551
420 0.9 .61239
420 1 .49673
420 2 .12459
420 3 .05626
420 4 .03320
420 5 .02328
420 6 .01886
420 7 .01705
420 8 .01692
420 9 .01777
420 10 .01942
420 11 .02164
420 12 .02438
420 13 .02757
420 14 .03115
420 15 .03501
420 16 .03934
420 17 .04394
420 18 .04885
420 19 .05418
420 20 .05978
420 25 .09222
420 30 .13269
420 35 .18003
420 40 .23533
420 45 .29777
420 50 .36830
420 55 .44475
420 60 .52940
440 0.1 42.67259
440 0.2 10.77496
440 0.3 4.76788
440 0.4 2.68535
440 0.5 1.71624
440 0.6 1.19521
440 0.7 .87893
440 0.8 .67150
440 0.9 .53173
440 1 .43003
440 2 .10763
440 3 .04884
440 4 .02865
440 5 .02020
440 6 .01628
440 7 .01486
440 8 .01471
440 9 .01534
440 10 .01669
440 11 .01864
440 12 .02099
440 13 .02378
440 14 .02682
440 15 .03030
440 16 .03398
440 17 .03782
440 18 .04217
440 19 .04681
440 20 .05165
440 25 .07973
440 30 .11411
440 35 .15493
440 40 .20288
440 45 .25706
440 50 .31709
440 55 .38164
440 60 .45561
460 0.1 37.05932
460 0.2 9.32133
460 0.3 4.14456
460 0.4 2.33152
460 0.5 1.49136
460 0.6 1.03662
460 0.7 .76148
460 0.8 .58273
460 0.9 .46096
460 1 .37278
460 2 .09357
460 3 .04231
460 4 .02495
460 5 .01758
460 6 .01420
460 7 .01288
460 8 .01278
460 9 .01339
460 10 .01462
460 11 .01626
460 12 .01827
460 13 .02058
460 14 .02324
460 15 .02624
460 16 .02946
460 17 .03281
460 18 .03658
460 19 .04049
460 20 .04463
460 25 .06902
460 30 .09891
460 35 .13486
460 40 .17568
460 45 .22246
460 50 .27424
460 55 .33229
460 60 .39481
480 0.1 32.17711
480 0.2 8.06431
480 0.3 3.59409
480 0.4 2.01923
480 0.5 1.29339
480 0.6 .89832
480 0.7 .65922
480 0.8 .50456
480 0.9 .39815
480 1 .32323
480 2 .08089
480 3 .03654
480 4 .02157
480 5 .01518
480 6 .01228
480 7 .01117
480 8 .01108
480 9 .01158
480 10 .01263
480 11 .01408
480 12 .01578
480 13 .01785
480 14 .02012
480 15 .02268
480 16 .02549
480 17 .02845
480 18 .03164
480 19 .03509
480 20 .03856
480 25 .05968
480 30 .08573
480 35 .11644
480 40 .15174
480 45 .19228
480 50 .23769
480 55 .28680
480 60 .34095
500 0.1 28.10527
500 0.2 7.05266
500 0.3 3.14383
500 0.4 1.76343
500 0.5 1.12963
500 0.6 .78491
500 0.7 .57576
500 0.8 .44082
500 0.9 .34869
500 1 .28292
500 2 .07086
500 3 .03202
500 4 .01891
500 5 .01330
500 6 .01071
500 7 .00973
500 8 .00962
500 9 .01010
500 10 .01102
500 11 .01229
500 12 .01379
500 13 .01557
500 14 .01757
500 15 .01980
500 16 .02219
500 17 .02477
500 18 .02756
500 19 .03059
500 20 .03366
500 25 .05208
500 30 .07474
500 35 .10153
500 40 .13289
500 45 .16765
500 50 .20673
500 55 .25001
500 60 .29823
520 0.1 24.56293
520 0.2 6.18479
520 0.3 2.73333
520 0.4 1.54549
520 0.5 .98632
520 0.6 .68526
520 0.7 .50478
520 0.8 .38427
520 0.9 .30494
520 1 .24718
520 2 .06197
520 3 .02798
520 4 .01652
520 5 .01165
520 6 .00938
520 7 .00853
520 8 .00840
520 9 .00882
520 10 .00964
520 11 .01069
520 12 .01199
520 13 .01360
520 14 .01527
520 15 .01731
520 16 .01942
520 17 .02166
520 18 .02413
520 19 .02658
520 20 .02948
520 25 .04541
520 30 .06493
520 35 .08834
520 40 .11573
520 45 .14639
520 50 .17970
520 55 .21850
520 60 .25993
540 0.1 21.45738
540 0.2 5.40784
540 0.3 2.40085
540 0.4 1.35058
540 0.5 .86438
540 0.6 .60294
540 0.7 .44178
540 0.8 .33778
540 0.9 .26680
540 1 .21702
540 2 .05414
540 3 .02466
540 4 .01444
540 5 .01015
540 6 .00818
540 7 .00744
540 8 .00733
540 9 .00772
540 10 .00840
540 11 .00935
540 12 .01055
540 13 .01187
540 14 .01337
540 15 .01509
540 16 .01687
540 17 .01885
540 18 .02104
540 19 .02341
540 20 .02580
540 25 .03965
540 30 .05679
540 35 .07732
540 40 .10079
540 45 .12783
540 50 .15737
540 55 .19129
540 60 .22805
560 0.1 18.72058
560 0.2 4.74676
560 0.3 2.09991
560 0.4 1.17767
560 0.5 .75402
560 0.6 .52805
560 0.7 .38636
560 0.8 .29672
560 0.9 .23376
560 1 .18858
560 2 .04770
560 3 .02150
560 4 .01262
560 5 .00891
560 6 .00720
560 7 .00649
560 8 .00641
560 9 .00676
560 10 .00732
560 11 .00819
560 12 .00920
560 13 .01039
560 14 .01171
560 15 .01315
560 16 .01485
560 17 .01663
560 18 .01839
560 19 .02049
560 20 .02236
560 25 .03457
560 30 .04982
560 35 .06752
560 40 .08875
560 45 .11218
560 50 .13826
560 55 .16703
560 60 .19968
580 0.1 16.59047
580 0.2 4.16295
580 0.3 1.85325
580 0.4 1.04552
580 0.5 .66738
580 0.6 .46331
580 0.7 .34041
580 0.8 .26113
580 0.9 .20649
580 1 .16724
580 2 .04196
580 3 .01900
580 4 .01118
580 5 .00787
580 6 .00635
580 7 .00575
580 8 .00568
580 9 .00595
580 10 .00648
580 11 .00716
580 12 .00810
580 13 .00911
580 14 .01031
580 15 .01164
580 16 .01301
580 17 .01454
580 18 .01617
580 19 .01794
580 20 .01979
580 25 .03055
580 30 .04371
580 35 .05915
580 40 .07758
580 45 .09830
580 50 .12121
580 55 .14686
580 60 .17454
600 0.1 14.66985
600 0.2 3.68562
600 0.3 1.63905
600 0.4 .92020
600 0.5 .58798
600 0.6 .40720
600 0.7 .29871
600 0.8 .23044
600 0.9 .18203
600 1 .14792
600 2 .03705
600 3 .01677
600 4 .00982
600 5 .00693
600 6 .00560
600 7 .00507
600 8 .00498
600 9 .00526
600 10 .00571
600 11 .00636
600 12 .00716
600 13 .00803
600 14 .00910
600 15 .01018
600 16 .01140
600 17 .01278
600 18 .01427
600 19 .01581
600 20 .01741
600 25 .02685
600 30 .03842
600 35 .05242
600 40 .06820
600 45 .08625
600 50 .10706
600 55 .12942
600 60 .15387
620 0.1 12.99955
620 0.2 3.23121
620 0.3 1.37371
620 0.4 .81301
620 0.5 .50467
620 0.6 .35755
620 0.7 .26507
620 0.8 .21190
620 0.9 .15724
620 1 .12758
620 2 .03254
620 3 .01513
620 4 .00872
620 5 .00605
620 6 .00495
620 7 .00448
620 8 .00439
620 9 .00462
620 10 .00502
620 11 .00563
620 12 .00627
620 13 .00704
620 14 .00802
620 15 .00898
620 16 .01001
620 17 .01127
620 18 .01256
620 19 .01384
620 20 .01550
620 25 .02329
620 30 .03355
620 35 .04677
620 40 .06167
620 45 .07489
620 50 .09389
620 55 .11389
620 60 .13500
640 0.1 11.48417
640 0.2 2.87416
640 0.3 1.27910
640 0.4 .71931
640 0.5 .46200
640 0.6 .32003
640 0.7 .23523
640 0.8 .18100
640 0.9 .14185
640 1 .11487
640 2 .02888
640 3 .01310
640 4 .00771
640 5 .00543
640 6 .00439
640 7 .00396
640 8 .00389
640 9 .00409
640 10 .00446
640 11 .00497
640 12 .00556
640 13 .00626
640 14 .00705
640 15 .00794
640 16 .00892
640 17 .00996
640 18 .01106
640 19 .01231
640 20 .01354
640 25 .02089
640 30 .03000
640 35 .04080
640 40 .05329
640 45 .06735
640 50 .08298
640 55 .10012
640 60 .11929
660 0.1 10.19361
660 0.2 2.55205
660 0.3 1.13689
660 0.4 .63861
660 0.5 .40908
660 0.6 .28416
660 0.7 .20887
660 0.8 .15976
660 0.9 .12659
660 1 .10230
660 2 .02567
660 3 .01163
660 4 .00684
660 5 .00480
660 6 .00388
660 7 .00351
660 8 .00347
660 9 .00363
660 10 .00395
660 11 .00438
660 12 .00492
660 13 .00556
660 14 .00627
660 15 .00707
660 16 .00792
660 17 .00884
660 18 .00984
660 19 .01090
660 20 .01202
660 25 .01854
660 30 .02658
660 35 .03614
660 40 .04717
660 45 .05965
660 50 .07351
660 55 .08912
660 60 .10605
680 0.1 9.04055
680 0.2 2.26858
680 0.3 1.00777
680 0.4 .56773
680 0.5 .36312
680 0.6 .25185
680 0.7 .18556
680 0.8 .14184
680 0.9 .11223
680 1 .09086
680 2 .02279
680 3 .01030
680 4 .00606
680 5 .00426
680 6 .00344
680 7 .00311
680 8 .00307
680 9 .00321
680 10 .00350
680 11 .00389
680 12 .00436
680 13 .00492
680 14 .00555
680 15 .00626
680 16 .00701
680 17 .00782
680 18 .00869
680 19 .00964
680 20 .01061
680 25 .01640
680 30 .02350
680 35 .03201
680 40 .04171
680 45 .05282
680 50 .06522
680 55 .07882
680 60 .09398
700 0.1 8.03386
700 0.2 2.01613
700 0.3 .89547
700 0.4 .50394
700 0.5 .32275
700 0.6 .22411
700 0.7 .16470
700 0.8 .12610
700 0.9 .09968
700 1 .08071
700 2 .02024
700 3 .00916
700 4 .00539
700 5 .00378
700 6 .00305
700 7 .00276
700 8 .00272
700 9 .00285
700 10 .00310
700 11 .00345
700 12 .00387
700 13 .00436
700 14 .00493
700 15 .00554
700 16 .00621
700 17 .00694
700 18 .00772
700 19 .00856
700 20 .00943
700 25 .01454
700 30 .02084
700 35 .02832
700 40 .03702
700 45 .04677
700 50 .05767
700 55 .06993
700 60 .08323
720 0.1 7.10400
720 0.2 1.79965
720 0.3 .79834
720 0.4 .44910
720 0.5 .28740
720 0.6 .19939
720 0.7 .14705
720 0.8 .11280
720 0.9 .08883
720 1 .07187
720 2 .01801
720 3 .00816
720 4 .00479
720 5 .00337
720 6 .00272
720 7 .00246
720 8 .00241
720 9 .00254
720 10 .00275
720 11 .00306
720 12 .00344
720 13 .00388
720 14 .00438
720 15 .00494
720 16 .00551
720 17 .00617
720 18 .00686
720 19 .00760
720 20 .00839
720 25 .01293
720 30 .01852
720 35 .02519
720 40 .03295
720 45 .04164
720 50 .05149
720 55 .06223
720 60 .07383
740 0.1 6.40237
740 0.2 1.62310
740 0.3 .71323
740 0.4 .40257
740 0.5 .25689
740 0.6 .17785
740 0.7 .13103
740 0.8 .10062
740 0.9 .07944
740 1 .06422
740 2 .01610
740 3 .00729
740 4 .00429
740 5 .00301
740 6 .00243
740 7 .00220
740 8 .00216
740 9 .00227
740 10 .00246
740 11 .00274
740 12 .00307
740 13 .00347
740 14 .00390
740 15 .00440
740 16 .00492
740 17 .00551
740 18 .00611
740 19 .00679
740 20 .00747
740 25 .01156
740 30 .01656
740 35 .02250
740 40 .02936
740 45 .03719
740 50 .04573
740 55 .05554
740 60 .06605
760 0.1 5.70686
760 0.2 1.43303
760 0.3 .63603
760 0.4 .35850
760 0.5 .22903
760 0.6 .15898
760 0.7 .11680
760 0.8 .08944
760 0.9 .07086
760 1 .05720
760 2 .01441
760 3 .00650
760 4 .00383
760 5 .00269
760 6 .00217
760 7 .00195
760 8 .00193
760 9 .00202
760 10 .00219
760 11 .00243
760 12 .00274
760 13 .00309
760 14 .00348
760 15 .00390
760 16 .00438
760 17 .00489
760 18 .00547
760 19 .00603
760 20 .00666
760 25 .01026
760 30 .01474
760 35 .02003
760 40 .02611
760 45 .03309
760 50 .04081
760 55 .04924
760 60 .05874
780 0.1 5.10421
780 0.2 1.27907
780 0.3 .56918
780 0.4 .32009
780 0.5 .20461
780 0.6 .14229
780 0.7 .10448
780 0.8 .08022
780 0.9 .06326
780 1 .05122
780 2 .01285
780 3 .00582
780 4 .00342
780 5 .00240
780 6 .00193
780 7 .00175
780 8 .00172
780 9 .00180
780 10 .00196
780 11 .00217
780 12 .00244
780 13 .00275
780 14 .00311
780 15 .00349
780 16 .00392
780 17 .00439
780 18 .00486
780 19 .00539
780 20 .00594
780 25 .00916
780 30 .01315
780 35 .01786
780 40 .02331
780 45 .02948
780 50 .03640
780 55 .04401
780 60 .05244
800 0.1 4.57180
800 0.2 1.14290
800 0.3 .50936
800 0.4 .28403
800 0.5 .18350
800 0.6 .12692
800 0.7 .09309
800 0.8 .07142
800 0.9 .05654
800 1 .04566
800 2 .01144
800 3 .00518
800 4 .00305
800 5 .00214
800 6 .00173
800 7 .00156
800 8 .00154
800 9 .00161
800 10 .00176
800 11 .00194
800 12 .00218
800 13 .00246
800 14 .00276
800 15 .00310
800 16 .00347
800 17 .00388
800 18 .00433
800 19 .00480
800 20 .00528
800 25 .00813
800 30 .01165
800 35 .01587
800 40 .02071
800 45 .02629
800 50 .03248
800 55 .03923
800 60 .04679
820 0.1 4.09483
820 0.2 1.02728
820 0.3 .45804
820 0.4 .25749
820 0.5 .16464
820 0.6 .11440
820 0.7 .08393
820 0.8 .06434
820 0.9 .05074
820 1 .04114
820 2 .01034
820 3 .00466
820 4 .00275
820 5 .00193
820 6 .00155
820 7 .00140
820 8 .00138
820 9 .00145
820 10 .00157
820 11 .00174
820 12 .00195
820 13 .00220
820 14 .00249
820 15 .00280
820 16 .00313
820 17 .00350
820 18 .00390
820 19 .00431
820 20 .00475
820 25 .00735
820 30 .01050
820 35 .01430
820 40 .01869
820 45 .02364
820 50 .02914
820 55 .03525
820 60 .04204
840 0.1 3.68548
840 0.2 .92554
840 0.3 .41119
840 0.4 .23087
840 0.5 .14795
840 0.6 .10247
840 0.7 .07545
840 0.8 .05778
840 0.9 .04560
840 1 .03703
840 2 .00929
840 3 .00420
840 4 .00246
840 5 .00173
840 6 .00139
840 7 .00126
840 8 .00124
840 9 .00130
840 10 .00141
840 11 .00156
840 12 .00175
840 13 .00198
840 14 .00223
840 15 .00251
840 16 .00281
840 17 .00314
840 18 .00350
840 19 .00386
840 20 .00426
840 25 .00658
840 30 .00945
840 35 .01284
840 40 .01675
840 45 .02121
840 50 .02612
840 55 .03164
840 60 .03762
860 0.1 3.31915
860 0.2 .83191
860 0.3 .37055
860 0.4 .20777
860 0.5 .13284
860 0.6 .09244
860 0.7 .06804
860 0.8 .05130
860 0.9 .04104
860 1 .03323
860 2 .00836
860 3 .00378
860 4 .00222
860 5 .00155
860 6 .00125
860 7 .00113
860 8 .00111
860 9 .00116
860 10 .00127
860 11 .00140
860 12 .00157
860 13 .00177
860 14 .00200
860 15 .00225
860 16 .00253
860 17 .00283
860 18 .00314
860 19 .00347
860 20 .00382
860 25 .00591
860 30 .00847
860 35 .01153
860 40 .01504
860 45 .01899
860 50 .02348
860 55 .02836
860 60 .03380
880 0.1 2.98609
880 0.2 .74857
880 0.3 .33421
880 0.4 .18678
880 0.5 .12031
880 0.6 .08331
880 0.7 .06128
880 0.8 .04672
880 0.9 .03703
880 1 .02993
880 2 .00754
880 3 .00341
880 4 .00200
880 5 .00140
880 6 .00113
880 7 .00102
880 8 .00100
880 9 .00104
880 10 .00114
880 11 .00126
880 12 .00142
880 13 .00160
880 14 .00180
880 15 .00203
880 16 .00228
880 17 .00253
880 18 .00282
880 19 .00312
880 20 .00345
880 25 .00533
880 30 .00761
880 35 .01036
880 40 .01349
880 45 .01711
880 50 .02112
880 55 .02561
880 60 .03046
900 0.1 2.69673
900 0.2 .67537
900 0.3 .30030
900 0.4 .16902
900 0.5 .10817
900 0.6 .07519
900 0.7 .05508
900 0.8 .04233
900 0.9 .03330
900 1 .02696
900 2 .00676
900 3 .00306
900 4 .00180
900 5 .00126
900 6 .00102
900 7 .00092
900 8 .00090
900 9 .00094
900 10 .00102
900 11 .00113
900 12 .00128
900 13 .00144
900 14 .00162
900 15 .00182
900 16 .00204
900 17 .00228
900 18 .00255
900 19 .00282
900 20 .00310
900 25 .00478
900 30 .00687
900 35 .00932
900 40 .01219
900 45 .01540
900 50 .01898
900 55 .02302
900 60 .02739
920 0.1 2.43036
920 0.2 .60949
920 0.3 .27154
920 0.4 .15211
920 0.5 .09746
920 0.6 .06784
920 0.7 .04979
920 0.8 .03805
920 0.9 .03008
920 1 .02441
920 2 .00612
920 3 .00276
920 4 .00162
920 5 .00114
920 6 .00092
920 7 .00083
920 8 .00081
920 9 .00085
920 10 .00092
920 11 .00102
920 12 .00115
920 13 .00129
920 14 .00146
920 15 .00164
920 16 .00185
920 17 .00205
920 18 .00229
920 19 .00254
920 20 .00280
920 25 .00432
920 30 .00620
920 35 .00840
920 40 .01098
920 45 .01389
920 50 .01713
920 55 .02073
920 60 .02470
940 0.1 2.19093
940 0.2 .54976
940 0.3 .24422
940 0.4 .13782
940 0.5 .08777
940 0.6 .06098
940 0.7 .04495
940 0.8 .03430
940 0.9 .02711
940 1 .02204
940 2 .00551
940 3 .00249
940 4 .00147
940 5 .00103
940 6 .00082
940 7 .00074
940 8 .00073
940 9 .00076
940 10 .00083
940 11 .00092
940 12 .00103
940 13 .00117
940 14 .00131
940 15 .00148
940 16 .00166
940 17 .00186
940 18 .00206
940 19 .00229
940 20 .00252
940 25 .00389
940 30 .00558
940 35 .00756
940 40 .00986
940 45 .01253
940 50 .01542
940 55 .01871
940 60 .02220
960 0.1 1.97569
960 0.2 .49731
960 0.3 .22096
960 0.4 .12431
960 0.5 .07945
960 0.6 .05530
960 0.7 .04050
960 0.8 .03106
960 0.9 .02450
960 1 .01987
960 2 .00498
960 3 .00225
960 4 .00133
960 5 .00093
960 6 .00075
960 7 .00067
960 8 .00066
960 9 .00069
960 10 .00075
960 11 .00083
960 12 .00093
960 13 .00105
960 14 .00119
960 15 .00133
960 16 .00150
960 17 .00167
960 18 .00186
960 19 .00206
960 20 .00227
960 25 .00352
960 30 .00503
960 35 .00683
960 40 .00891
960 45 .01128
960 50 .01389
960 55 .01683
960 60 .02004
980 0.1 1.79054
980 0.2 .44969
980 0.3 .20006
980 0.4 .11255
980 0.5 .07206
980 0.6 .05005
980 0.7 .03667
980 0.8 .02808
980 0.9 .02217
980 1 .01800
980 2 .00452
980 3 .00204
980 4 .00120
980 5 .00084
980 6 .00067
980 7 .00061
980 8 .00060
980 9 .00062
980 10 .00068
980 11 .00075
980 12 .00084
980 13 .00095
980 14 .00107
980 15 .00120
980 16 .00135
980 17 .00151
980 18 .00168
980 19 .00185
980 20 .00205
980 25 .00316
980 30 .00453
980 35 .00615
980 40 .00807
980 45 .01018
980 50 .01258
980 55 .01519
980 60 .01811
1000 0.1 1.62333
1000 0.2 .40705
1000 0.3 .18060
1000 0.4 .10196
1000 0.5 .06509
1000 0.6 .04521
1000 0.7 .03335
1000 0.8 .02547
1000 0.9 .02014
1000 1 .01637
1000 2 .00409
1000 3 .00183
1000 4 .00109
1000 5 .00076
1000 6 .00061
1000 7 .00055
1000 8 .00054
1000 9 .00056
1000 10 .00061
1000 11 .00068
1000 12 .00076
1000 13 .00086
1000 14 .00097
1000 15 .00109
1000 16 .00122
1000 17 .00136
1000 18 .00152
1000 19 .00168
1000 20 .00185
1000 25 .00287
1000 30 .00410
1000 35 .00558
1000 40 .00730
1000 45 .00922
1000 50 .01138
1000 55 .01381
1000 60 .01639
