#Contacts: Martin Flechl, Steve Sekula, Maria Ubiali, Date: May 6, 2015
#A preliminary version of grid of Santander-matched cross sections in tan beta (0.1-60) and mH+ (200-1000 GeV), sqrt(s)=8 TeV, in units of GeV and picobarn.
#Also given are total uncertainties (PDF, alphas, scale, mb). Numbers are for 2HDM type-II (a la MSSM), but without SQCD corrections.
#The uncertainties at very low tan beta might not be accurate, please use with care and only after discussing with the authors.
mhp tb xsec unc- unc+
200 0.1 85.7455 17.3389 16.7943 
200 0.2 21.4524 4.36794 4.23167 
200 0.3 9.52382 1.92287 1.86233 
200 0.4 5.3618 1.0875 1.05345 
200 0.5 3.42969 0.694362 0.672558 
200 0.6 2.38342 0.484275 0.469143 
200 0.7 1.75161 0.35709 0.345966 
200 0.8 1.34289 0.271468 0.262954 
200 0.9 1.05683 0.213818 0.207128 
200 1 0.857802 0.172801 0.167361 
200 2 0.214477 0.0432376 0.0418817 
200 3 0.0966049 0.0194414 0.0188323 
200 4 0.0566048 0.0114212 0.0110644 
200 5 0.0392484 0.00789584 0.00764708 
200 6 0.0311514 0.006255 0.00605449 
200 7 0.0276926 0.00553599 0.00535419 
200 8 0.0268141 0.00534309 0.00516295 
200 9 0.0277531 0.00549902 0.00530846 
200 10 0.0298763 0.00595491 0.00574566 
200 11 0.0329881 0.00654665 0.0063123 
200 12 0.0368069 0.00730809 0.00704412 
200 13 0.0414343 0.00822856 0.00792776 
200 14 0.0466063 0.00924826 0.00890741 
200 15 0.0523526 0.010403 0.0100189 
200 16 0.0586998 0.0116488 0.0112153 
200 17 0.0654449 0.0129917 0.0125078 
200 18 0.0727478 0.0144433 0.0139042 
200 19 0.0805414 0.0159928 0.0153939 
200 20 0.0888424 0.0176668 0.017005 
200 25 0.137108 0.0272863 0.0262597 
200 30 0.196776 0.039262 0.0377847 
200 35 0.267425 0.0530221 0.0510086 
200 40 0.349144 0.0695012 0.0668714 
200 45 0.441456 0.0876682 0.0843442 
200 50 0.545641 0.108471 0.10435 
200 55 0.659422 0.130997 0.126028 
200 60 0.785031 0.155863 0.149937 
220 0.1 69.4423 14.1782 13.8935 
220 0.2 17.3665 3.54206 3.47069 
220 0.3 7.72177 1.57378 1.54206 
220 0.4 4.34491 0.886437 0.868618 
220 0.5 2.77963 0.565381 0.553966 
220 0.6 1.92772 0.393484 0.38557 
220 0.7 1.41712 0.288121 0.282308 
220 0.8 1.08612 0.223729 0.219265 
220 0.9 0.858203 0.175914 0.172391 
220 1 0.694064 0.141494 0.138652 
220 2 0.174115 0.0353906 0.0346795 
220 3 0.0783875 0.0159428 0.0156234 
220 4 0.0458541 0.00929573 0.00910874 
220 5 0.0318096 0.0064562 0.00632567 
220 6 0.0252587 0.00511693 0.00501158 
220 7 0.0224147 0.00450324 0.00440774 
220 8 0.0217114 0.00438781 0.0042931 
220 9 0.0224246 0.00453806 0.00443819 
220 10 0.0241126 0.00487325 0.00476386 
220 11 0.0265587 0.0053508 0.00522868 
220 12 0.0296984 0.00596069 0.00582263 
220 13 0.0333751 0.00673949 0.0065827 
220 14 0.0375131 0.00756897 0.00739201 
220 15 0.0421306 0.00849536 0.00829531 
220 16 0.0472109 0.0095079 0.00928289 
220 17 0.0526769 0.0106284 0.0103764 
220 18 0.0585681 0.0117969 0.011516 
220 19 0.0648274 0.0130688 0.0127572 
220 20 0.0714334 0.014375 0.014031 
220 25 0.110317 0.0221859 0.0216528 
220 30 0.15797 0.0316987 0.0309321 
220 35 0.215096 0.0433415 0.0422974 
220 40 0.280486 0.0565831 0.0552204 
220 45 0.354088 0.0714098 0.0696882 
220 50 0.437562 0.0881176 0.0859916 
220 55 0.529185 0.106745 0.104172 
220 60 0.630169 0.127188 0.12412 
240 0.1 56.6681 11.5601 11.4026 
240 0.2 14.1636 2.88654 2.84706 
240 0.3 6.30393 1.27854 1.26098 
240 0.4 3.54882 0.718436 0.708536 
240 0.5 2.27002 0.465559 0.459244 
240 0.6 1.57901 0.321582 0.317187 
240 0.7 1.15969 0.236216 0.232981 
240 0.8 0.886649 0.179942 0.177474 
240 0.9 0.700443 0.142679 0.140728 
240 1 0.567637 0.115467 0.113887 
240 2 0.142373 0.0288644 0.0284688 
240 3 0.0641384 0.0130184 0.0128402 
240 4 0.0375716 0.00760477 0.0075001 
240 5 0.0260685 0.00526662 0.00519343 
240 6 0.0206926 0.00420664 0.00414754 
240 7 0.0183487 0.00368075 0.00362729 
240 8 0.0177789 0.0035865 0.00353349 
240 9 0.0183063 0.00366663 0.00361082 
240 10 0.0196918 0.00397292 0.00391186 
240 11 0.0217082 0.00436644 0.00429819 
240 12 0.0242149 0.00485323 0.00477627 
240 13 0.0271781 0.00546012 0.00537296 
240 14 0.0305935 0.00614144 0.00604282 
240 15 0.0343449 0.00690087 0.00678961 
240 16 0.03841 0.00772552 0.00760058 
240 17 0.0428582 0.00861574 0.00847592 
240 18 0.0475967 0.00956272 0.00940715 
240 19 0.0527075 0.0106162 0.0104436 
240 20 0.0581095 0.0116604 0.0114699 
240 25 0.0896041 0.018007 0.0177119 
240 30 0.128478 0.025776 0.0253522 
240 35 0.174442 0.0353136 0.0347368 
240 40 0.22784 0.0459519 0.0451984 
240 45 0.288319 0.0579553 0.057002 
240 50 0.355751 0.0716465 0.0704684 
240 55 0.430214 0.0866906 0.085265 
240 60 0.51237 0.103193 0.101497 
260 0.1 48.6445 11.3004 11.1288 
260 0.2 11.8035 2.3876 2.34897 
260 0.3 5.23021 1.05925 1.04218 
260 0.4 2.92267 0.609422 0.600044 
260 0.5 1.73309 0.498146 0.493688 
260 0.6 1.24987 0.310812 0.307226 
260 0.7 1.00837 0.249191 0.24551 
260 0.8 0.736661 0.147479 0.145067 
260 0.9 0.582183 0.116577 0.114671 
260 1 0.471836 0.0947519 0.0932022 
260 2 0.11818 0.0238905 0.0235026 
260 3 0.0533593 0.0106846 0.0105098 
260 4 0.0312026 0.00624642 0.00614394 
260 5 0.0216736 0.00431771 0.00424595 
260 6 0.0171558 0.00342144 0.0033636 
260 7 0.0152235 0.00302775 0.00297544 
260 8 0.0147422 0.00291572 0.0028639 
260 9 0.0151998 0.00301303 0.00295831 
260 10 0.0163 0.00322742 0.00316782 
260 11 0.0179253 0.00354254 0.00347592 
260 12 0.0200123 0.00394202 0.00386695 
260 13 0.0224595 0.00444323 0.00435832 
260 14 0.0252606 0.00498226 0.00488617 
260 15 0.0283318 0.00559877 0.00549027 
260 16 0.031741 0.00626898 0.00614719 
260 17 0.0353911 0.00699326 0.00685705 
260 18 0.039345 0.00777726 0.0076255 
260 19 0.0435147 0.00860451 0.0084363 
260 20 0.0479282 0.00947598 0.00929086 
260 25 0.0739489 0.014636 0.0143485 
260 30 0.105928 0.02113 0.0207168 
260 35 0.144011 0.0285179 0.0279562 
260 40 0.187813 0.0373589 0.0366262 
260 45 0.237625 0.0471708 0.0462424 
260 50 0.293388 0.0581095 0.0569637 
260 55 0.355383 0.0703762 0.0689898 
260 60 0.422718 0.0837097 0.0820607 
280 0.1 38.737 7.97057 7.89466 
280 0.2 9.68996 1.99262 1.97361 
280 0.3 4.30824 0.887529 0.879077 
280 0.4 2.42266 0.501012 0.496259 
280 0.5 1.55025 0.317895 0.314862 
280 0.6 1.07689 0.223147 0.221036 
280 0.7 0.79114 0.163018 0.161466 
280 0.8 0.605543 0.124895 0.123709 
280 0.9 0.478657 0.0984078 0.0974694 
280 1 0.388132 0.0804554 0.0796935 
280 2 0.097011 0.0200439 0.019853 
280 3 0.0438673 0.00908937 0.00900339 
280 4 0.0256622 0.00531326 0.00526278 
280 5 0.017816 0.00366858 0.00363321 
280 6 0.0141227 0.00289508 0.0028666 
280 7 0.0124921 0.00255127 0.00252545 
280 8 0.0121067 0.00247785 0.00245237 
280 9 0.012461 0.00252008 0.00249329 
280 10 0.0133564 0.00269637 0.00266711 
280 11 0.0146887 0.00299439 0.00296175 
280 12 0.0163941 0.00329471 0.00325794 
280 13 0.0184023 0.00372835 0.00368679 
280 14 0.0206669 0.00417231 0.00412533 
280 15 0.0231711 0.00468058 0.00462769 
280 16 0.0259412 0.00522591 0.00516644 
280 17 0.0289519 0.00585527 0.00578872 
280 18 0.0321314 0.00646261 0.0063885 
280 19 0.0355384 0.0071781 0.00709603 
280 20 0.039208 0.00789902 0.00780833 
280 25 0.0604186 0.0122195 0.0120793 
280 30 0.086511 0.017394 0.0171932 
280 35 0.117723 0.0236996 0.0234257 
280 40 0.153739 0.0310669 0.0307093 
280 45 0.194041 0.0392954 0.038843 
280 50 0.23969 0.048277 0.0477184 
280 55 0.29002 0.0584096 0.0577335 
280 60 0.345024 0.0698356 0.0690308 
300 0.1 32.1219 6.61 6.45039 
300 0.2 8.02815 1.65308 1.61316 
300 0.3 3.57095 0.737447 0.719682 
300 0.4 2.00703 0.411047 0.401049 
300 0.5 1.28348 0.264981 0.258586 
300 0.6 0.891951 0.183123 0.178689 
300 0.7 0.655582 0.135077 0.131813 
300 0.8 0.502099 0.103368 0.100872 
300 0.9 0.396832 0.0815642 0.0795924 
300 1 0.321389 0.06623 0.0646308 
300 2 0.080575 0.0166397 0.0162389 
300 3 0.0363549 0.00749855 0.00731784 
300 4 0.0212685 0.00438561 0.00427938 
300 5 0.0147747 0.00302498 0.00295056 
300 6 0.0116948 0.00240149 0.00234151 
300 7 0.0103255 0.00210763 0.0020533 
300 8 0.0100185 0.00204793 0.00199423 
300 9 0.0103045 0.00210777 0.00205136 
300 10 0.0110267 0.00222071 0.00215923 
300 11 0.012135 0.00247402 0.00240543 
300 12 0.0135499 0.00273603 0.00265874 
300 13 0.0152047 0.00307336 0.00298603 
300 14 0.0170698 0.00345381 0.00335512 
300 15 0.0191454 0.00387738 0.00376601 
300 16 0.0214103 0.00434206 0.00421715 
300 17 0.0238499 0.0048346 0.00469532 
300 18 0.0265297 0.00537878 0.00522335 
300 19 0.0293802 0.00595699 0.0057848 
300 20 0.0323597 0.00656314 0.0063731 
300 25 0.0498625 0.0101196 0.00982554 
300 30 0.0714401 0.0145028 0.0140807 
300 35 0.0970608 0.0197042 0.0191307 
300 40 0.126629 0.0257114 0.0249623 
300 45 0.160308 0.0325486 0.0316005 
300 50 0.198005 0.0401972 0.0390272 
300 55 0.239087 0.0485539 0.047138 
300 60 0.284909 0.0578492 0.0561639 
320 0.1 26.767 5.5512 5.41854 
320 0.2 6.69632 1.39022 1.35694 
320 0.3 2.97511 0.617021 0.602249 
320 0.4 1.67521 0.348751 0.340444 
320 0.5 1.07293 0.223997 0.218677 
320 0.6 0.743545 0.154454 0.150765 
320 0.7 0.546691 0.113836 0.11112 
320 0.8 0.418393 0.0871258 0.0850502 
320 0.9 0.330887 0.0687258 0.0670835 
320 1 0.267866 0.055565 0.0542348 
320 2 0.0671619 0.0139314 0.0135981 
320 3 0.0303117 0.00627342 0.00612296 
320 4 0.0177308 0.00367721 0.00358876 
320 5 0.0123029 0.00254704 0.00248509 
320 6 0.00976259 0.0020186 0.00196861 
320 7 0.00862731 0.00177134 0.00172616 
320 8 0.00832406 0.00170489 0.00166027 
320 9 0.00856426 0.00174729 0.0017004 
320 10 0.00917856 0.00187194 0.00182085 
320 11 0.0101052 0.00206922 0.00201224 
320 12 0.0112514 0.0023002 0.0022361 
320 13 0.0126017 0.00257866 0.00250631 
320 14 0.0141592 0.00289953 0.00281766 
320 15 0.0159004 0.00325813 0.00316592 
320 16 0.0178317 0.00365615 0.00355265 
320 17 0.0198786 0.00407241 0.00395677 
320 18 0.0220481 0.00452429 0.00439552 
320 19 0.0244011 0.00500762 0.00486492 
320 20 0.0268622 0.00551184 0.00535448 
320 25 0.0414531 0.00851053 0.00826719 
320 30 0.0593646 0.0121977 0.0118481 
320 35 0.0806708 0.016563 0.0160881 
320 40 0.105117 0.0215893 0.0209696 
320 45 0.1328 0.0272619 0.0264773 
320 50 0.164324 0.0337485 0.0327795 
320 55 0.198931 0.0408531 0.0396812 
320 60 0.236702 0.048597 0.0472023 
340 0.1 22.3602 4.67756 4.59458 
340 0.2 5.59518 1.16688 1.14608 
340 0.3 2.48734 0.521573 0.512324 
340 0.4 1.39951 0.295399 0.290194 
340 0.5 0.895207 0.187002 0.183671 
340 0.6 0.621886 0.129847 0.127533 
340 0.7 0.456851 0.0957314 0.0940336 
340 0.8 0.349551 0.0730019 0.0717017 
340 0.9 0.276107 0.0576436 0.0566161 
340 1 0.223855 0.0469424 0.046109 
340 2 0.056151 0.011721 0.0115121 
340 3 0.0253082 0.00528294 0.00518868 
340 4 0.0148184 0.00308688 0.00303148 
340 5 0.0102817 0.00215207 0.00211321 
340 6 0.00814479 0.001692 0.00166068 
340 7 0.00720294 0.00149525 0.00146693 
340 8 0.00695516 0.00144006 0.00141211 
340 9 0.00715066 0.00148091 0.00145159 
340 10 0.00767439 0.00159302 0.00156106 
340 11 0.00843628 0.00175397 0.00171838 
340 12 0.00939774 0.00195745 0.00191738 
340 13 0.0105634 0.00220033 0.0021551 
340 14 0.0118215 0.00246591 0.00241479 
340 15 0.0132561 0.00276314 0.00270562 
340 16 0.0148765 0.0031007 0.00303613 
340 17 0.0165413 0.00345186 0.00337962 
340 18 0.0183716 0.00382712 0.00374685 
340 19 0.0203277 0.00424518 0.00415611 
340 20 0.022446 0.00468343 0.00458522 
340 25 0.0345984 0.00722761 0.0070756 
340 30 0.0495108 0.0103523 0.0101343 
340 35 0.0672427 0.0140459 0.0137496 
340 40 0.0877625 0.0183367 0.0179497 
340 45 0.11109 0.0232281 0.0227384 
340 50 0.136742 0.0285927 0.0279882 
340 55 0.166087 0.0347003 0.0339685 
340 60 0.197667 0.041329 0.0404581 
360 0.1 18.7821 3.9206 3.88208 
360 0.2 4.69811 0.983122 0.973465 
360 0.3 2.08922 0.436825 0.432533 
360 0.4 1.02901 0.349352 0.348093 
360 0.6 0.722446 0.173269 0.171955 
360 0.7 0.504063 0.118502 0.11757 
360 0.8 0.37172 0.0857978 0.0851003 
360 0.9 0.285511 0.0651331 0.0645927 
360 1 0.226412 0.0509476 0.0505156 
360 2 0.170448 0.0512536 0.0510064 
360 3 0.0438983 0.0119361 0.011865 
360 4 0.0201815 0.00511729 0.00508226 
360 5 0.0119592 0.00285775 0.00283579 
360 6 0.00840802 0.00190065 0.00188436 
360 7 0.00674492 0.00144418 0.00143038 
360 8 0.0060404 0.00125553 0.00124249 
360 9 0.0058825 0.00127825 0.00126495 
360 10 0.00609548 0.00136561 0.00135134 
360 11 0.00655347 0.0014954 0.00147969 
360 12 0.00721811 0.00166043 0.00164282 
360 13 0.00804931 0.00186218 0.00184234 
360 14 0.0090103 0.00210219 0.00207988 
360 15 0.0101284 0.00234308 0.00231785 
360 16 0.0113524 0.00262369 0.00259531 
360 17 0.0127009 0.00292081 0.00288902 
360 18 0.0141508 0.00325111 0.00321567 
360 19 0.0157012 0.00359632 0.003557 
360 20 0.0173524 0.00396254 0.00391909 
360 25 0.0204823 0.00601164 0.00595287 
360 30 0.0310696 0.00862401 0.00853733 
360 35 0.0439069 0.0117555 0.0116354 
360 40 0.0591843 0.0153805 0.015221 
360 45 0.0767764 0.0194623 0.019258 
360 50 0.0966321 0.0240908 0.0238362 
360 55 0.119048 0.029201 0.0288902 
360 60 0.143077 0.034668 0.0342955 
360 2.04796e-38 0.228224 0.111555 0.110653 
380 0.1 15.8631 3.35602 3.33183 
380 0.2 3.9613 0.839129 0.833065 
380 0.3 1.76068 0.373106 0.370411 
380 0.4 0.993792 0.210394 0.208879 
380 0.5 0.634241 0.134498 0.133528 
380 0.6 0.440851 0.0932879 0.0926142 
380 0.7 0.323391 0.0684783 0.0679834 
380 0.8 0.247844 0.0525322 0.0521527 
380 0.9 0.19601 0.0415036 0.0412042 
380 1 0.158794 0.0336895 0.0334467 
380 2 0.0397995 0.0084382 0.0083773 
380 3 0.01798 0.00381374 0.00378626 
380 4 0.0105323 0.0022343 0.00221814 
380 5 0.00729052 0.00154774 0.00153641 
380 6 0.00577741 0.00122843 0.0012193 
380 7 0.00510919 0.00108757 0.00107932 
380 8 0.004927 0.00104958 0.00104143 
380 9 0.00506521 0.00108282 0.00107427 
380 10 0.00542534 0.00116075 0.00115146 
380 11 0.00596279 0.00127438 0.00126404 
380 12 0.0066421 0.00142391 0.00141227 
380 13 0.00744664 0.00159653 0.00158339 
380 14 0.00836391 0.00179455 0.00177972 
380 15 0.00938222 0.00201393 0.00199722 
380 16 0.0104629 0.00224731 0.00222856 
380 17 0.0116813 0.00250519 0.00248427 
380 18 0.013004 0.00278827 0.00276496 
380 19 0.0143476 0.00308017 0.00305436 
380 20 0.0158593 0.00340673 0.00337826 
380 25 0.02436 0.00523458 0.00519058 
380 30 0.0349548 0.00750745 0.00744434 
380 35 0.0474208 0.0101867 0.010101 
380 40 0.0619072 0.0133092 0.0131972 
380 45 0.0783501 0.0168432 0.0167013 
380 50 0.0966437 0.0207807 0.0206057 
380 55 0.117205 0.0251867 0.0249751 
380 60 0.138877 0.0298552 0.0296033 
400 0.1 13.3665 2.88087 2.86032 
400 0.2 3.34301 0.720247 0.715103 
400 0.3 1.48884 0.321182 0.318897 
400 0.4 0.836498 0.180211 0.178924 
400 0.5 0.535731 0.115473 0.114649 
400 0.6 0.371583 0.0800757 0.0795038 
400 0.7 0.273125 0.0588815 0.0584614 
400 0.8 0.209119 0.0451215 0.0447999 
400 0.9 0.165201 0.0356082 0.0353542 
400 1 0.133651 0.0288839 0.0286785 
400 2 0.033578 0.00725613 0.00720466 
400 3 0.0151678 0.00327585 0.0032526 
400 4 0.0088638 0.00191535 0.00190166 
400 5 0.00615074 0.00133098 0.00132138 
400 6 0.00486414 0.00105231 0.00104459 
400 7 0.00430692 0.000933687 0.000926711 
400 8 0.00414905 0.000902855 0.00089597 
400 9 0.00426766 0.000928877 0.000921659 
400 10 0.00457237 0.000997448 0.000989589 
400 11 0.00501389 0.00109366 0.00108494 
400 12 0.00558525 0.00121917 0.00120936 
400 13 0.00626492 0.0013707 0.00135961 
400 14 0.00703092 0.00153902 0.00152652 
400 15 0.0078849 0.00172532 0.00171122 
400 16 0.00882248 0.00193054 0.00191474 
400 17 0.00983209 0.0021499 0.00213224 
400 18 0.0109314 0.00239283 0.00237318 
400 19 0.0120626 0.00264347 0.0026217 
400 20 0.0132886 0.00291116 0.00288714 
400 25 0.0204989 0.00448706 0.00444997 
400 30 0.0293465 0.00642108 0.00636789 
400 35 0.039907 0.00874524 0.00867292 
400 40 0.052026 0.0113947 0.0113002 
400 45 0.0658612 0.014457 0.0143373 
400 50 0.0812168 0.0177957 0.0176482 
400 55 0.0982769 0.0215441 0.0213656 
400 60 0.116889 0.02561 0.0253977 
420 0.1 11.31 2.48629 2.46495 
420 0.2 2.82518 0.621025 0.61568 
420 0.3 1.25582 0.276147 0.27377 
420 0.4 0.706624 0.1553 0.153964 
420 0.5 0.45264 0.0995407 0.0986852 
420 0.6 0.313883 0.0689807 0.068387 
420 0.7 0.231032 0.0507923 0.0503559 
420 0.8 0.176865 0.0388809 0.0385467 
420 0.9 0.139766 0.0307286 0.0304646 
420 1 0.113045 0.0249249 0.0247119 
420 2 0.0283197 0.00623895 0.00618553 
420 3 0.0128195 0.00282314 0.00279901 
420 4 0.00748294 0.00164968 0.00163549 
420 5 0.00518736 0.00114402 0.00113408 
420 6 0.00411304 0.000910101 0.000902078 
420 7 0.00363032 0.000803655 0.000796421 
420 8 0.00350254 0.000776703 0.000769571 
420 9 0.00359601 0.000799007 0.000791542 
420 10 0.00384614 0.000856822 0.000848703 
420 11 0.00423103 0.0009409 0.000931862 
420 12 0.00470687 0.00105072 0.00104056 
420 13 0.00527297 0.00117748 0.001166 
420 14 0.00592245 0.00132344 0.00131049 
420 15 0.00663648 0.00148246 0.00146789 
420 16 0.00742672 0.00165933 0.00164298 
420 17 0.00828042 0.00185324 0.00183496 
420 18 0.00919397 0.00205452 0.00203418 
420 19 0.0101726 0.00227542 0.00225291 
420 20 0.011194 0.00250239 0.00247754 
420 25 0.0172574 0.00385921 0.00382083 
420 30 0.0247356 0.00552875 0.00547368 
420 35 0.0335459 0.00749701 0.00742218 
420 40 0.0438373 0.00981139 0.00971369 
420 45 0.0553791 0.0123937 0.0122701 
420 50 0.0683943 0.0153127 0.0151602 
420 55 0.0827614 0.0185148 0.0183301 
420 60 0.0984132 0.0220245 0.021805 
440 0.1 9.63602 2.15882 2.13759 
440 0.2 2.41386 0.540834 0.535514 
440 0.3 1.06969 0.239664 0.237299 
440 0.4 0.603233 0.135188 0.133857 
440 0.5 0.386328 0.0866396 0.0857888 
440 0.6 0.268172 0.0600963 0.0595048 
440 0.7 0.196709 0.0441272 0.0436926 
440 0.8 0.150777 0.0337768 0.0334443 
440 0.9 0.119244 0.0266949 0.0264322 
440 1 0.0963031 0.0215871 0.0213753 
440 2 0.0241983 0.00542368 0.0053706 
440 3 0.0108797 0.00244111 0.00241711 
440 4 0.00638854 0.00143194 0.00141783 
440 5 0.00442881 0.000994563 0.00098466 
440 6 0.003508 0.000788603 0.000780632 
440 7 0.00309636 0.000694285 0.000687099 
440 8 0.00298532 0.000673236 0.00066614 
440 9 0.00306313 0.000691905 0.000684497 
440 10 0.00328096 0.000743139 0.000735066 
440 11 0.00359686 0.000816038 0.000807065 
440 12 0.00401083 0.000910601 0.000900494 
440 13 0.0044926 0.00102007 0.00100867 
440 14 0.00504216 0.00114445 0.0011316 
440 15 0.00565516 0.0012832 0.00126873 
440 16 0.00631888 0.00143614 0.0014199 
440 17 0.00704751 0.00160312 0.001585 
440 18 0.00782179 0.00177498 0.00175481 
440 19 0.00865293 0.00196638 0.00194405 
440 20 0.0095361 0.00217094 0.00214629 
440 25 0.0146761 0.00334158 0.00330346 
440 30 0.021048 0.00478842 0.00473379 
440 35 0.0285424 0.00649231 0.00641818 
440 40 0.0372577 0.00848075 0.00838392 
440 45 0.0471766 0.01073 0.0106074 
440 50 0.0581866 0.0131956 0.0130445 
440 55 0.0703983 0.0160146 0.0158314 
440 60 0.0837417 0.0190545 0.0188367 
460 0.1 8.24406 1.85395 1.85063 
460 0.2 2.06389 0.464859 0.464027 
460 0.3 0.91665 0.206326 0.205956 
460 0.4 0.515184 0.116041 0.115833 
460 0.5 0.329806 0.0742199 0.0740868 
460 0.6 0.229408 0.0515759 0.0514833 
460 0.7 0.168262 0.037896 0.0378281 
460 0.8 0.129008 0.0290229 0.0289708 
460 0.9 0.10216 0.0229862 0.0229451 
460 1 0.0824013 0.0185422 0.018509 
460 2 0.0207057 0.00465646 0.00464815 
460 3 0.00932762 0.00209909 0.00209534 
460 4 0.00546098 0.00122994 0.00122773 
460 5 0.00378067 0.00085119 0.000849645 
460 6 0.00299183 0.000675141 0.000673897 
460 7 0.00264574 0.000599224 0.000598098 
460 8 0.00254687 0.00057599 0.000574883 
460 9 0.00261448 0.000592399 0.000591239 
460 10 0.00279803 0.000637142 0.000635881 
460 11 0.00306752 0.000696978 0.000695582 
460 12 0.0034206 0.000778966 0.000777391 
460 13 0.00382936 0.000872302 0.000870528 
460 14 0.00429343 0.000979377 0.000977372 
460 15 0.0048127 0.00109817 0.00109591 
460 16 0.0053812 0.00122944 0.00122691 
460 17 0.00600095 0.00137136 0.00136854 
460 18 0.0066631 0.00152387 0.00152072 
460 19 0.00737155 0.00168834 0.00168485 
460 20 0.00812009 0.00185861 0.00185477 
460 25 0.0125003 0.00289324 0.00288731 
460 30 0.0179125 0.00409985 0.00409134 
460 35 0.0243197 0.00557077 0.00555918 
460 40 0.0317483 0.00729156 0.00727647 
460 45 0.0401369 0.00923467 0.00921558 
460 50 0.0495059 0.0113615 0.0113379 
460 55 0.0599162 0.0137534 0.0137248 
460 60 0.0712844 0.0163219 0.016288 
480 0.1 7.07426 1.58747 1.69277 
480 0.2 1.77351 0.39768 0.424088 
480 0.3 0.786702 0.176382 0.188126 
480 0.4 0.443117 0.0993703 0.105979 
480 0.5 0.283042 0.0634981 0.0677243 
480 0.6 0.196704 0.0441505 0.0470882 
480 0.7 0.144738 0.0324356 0.0345899 
480 0.8 0.110379 0.0247838 0.0264339 
480 0.9 0.0874653 0.019615 0.0209192 
480 1 0.0708037 0.0158761 0.0169284 
480 2 0.0177307 0.00397728 0.00424107 
480 3 0.00800334 0.00179412 0.00191322 
480 4 0.0046858 0.00104968 0.00111982 
480 5 0.00324616 0.000728142 0.000777232 
480 6 0.00256603 0.000576523 0.000615977 
480 7 0.0022732 0.000512065 0.000547836 
480 8 0.00218129 0.000492723 0.000527793 
480 9 0.00223563 0.000505988 0.000542636 
480 10 0.0023928 0.000545398 0.000585202 
480 11 0.00262095 0.000600675 0.000644863 
480 12 0.0029201 0.000671785 0.000721584 
480 13 0.00326721 0.000753365 0.000809477 
480 14 0.00366504 0.000846255 0.000909556 
480 15 0.00411083 0.000949616 0.00102081 
480 16 0.00459719 0.00106202 0.00114181 
480 17 0.00511674 0.00118205 0.00127113 
480 18 0.00568425 0.00131255 0.00141163 
480 19 0.00628904 0.00145511 0.00156488 
480 20 0.00692426 0.00160446 0.00172545 
480 25 0.01067 0.00249274 0.00267966 
480 30 0.0152733 0.00352218 0.00379047 
480 35 0.0207373 0.00477945 0.00514365 
480 40 0.0270729 0.00626788 0.00674325 
480 45 0.0342421 0.00794394 0.00854591 
480 50 0.0422284 0.0098026 0.0105455 
480 55 0.0511248 0.011864 0.0127635 
480 60 0.0608161 0.0141012 0.0151703 
500 0.1 6.11112 1.44239 1.44239 
500 0.2 1.52788 0.360414 0.360414 
500 0.3 0.679781 0.160825 0.160825 
500 0.4 0.382321 0.0903936 0.0903936 
500 0.5 0.244499 0.0576591 0.0576591 
500 0.6 0.169934 0.0402483 0.0402483 
500 0.7 0.124698 0.0294105 0.0294105 
500 0.8 0.0955945 0.0226238 0.0226238 
500 0.9 0.0755286 0.0178616 0.0178616 
500 1 0.0611415 0.0144653 0.0144653 
500 2 0.0153461 0.00361698 0.00361698 
500 3 0.00691984 0.00163697 0.00163697 
500 4 0.00404972 0.000957711 0.000957712 
500 5 0.00280073 0.000664384 0.000664384 
500 6 0.00221619 0.000525001 0.000525002 
500 7 0.00194911 0.000467541 0.000467541 
500 8 0.00187786 0.000455799 0.000455799 
500 9 0.00192213 0.000467711 0.000467711 
500 10 0.00205274 0.000499593 0.000499593 
500 11 0.00225146 0.000551473 0.000551473 
500 12 0.00250592 0.000616049 0.000616049 
500 13 0.00280393 0.000691252 0.000691252 
500 14 0.0031502 0.000777653 0.000777653 
500 15 0.00352708 0.00087133 0.00087133 
500 16 0.00394146 0.000977728 0.000977728 
500 17 0.00439579 0.00108628 0.00108628 
500 18 0.00488158 0.00120966 0.00120966 
500 19 0.00539524 0.00133938 0.00133938 
500 20 0.00594828 0.00147521 0.00147521 
500 25 0.00915037 0.00227151 0.00227151 
500 30 0.0130962 0.00323103 0.00323103 
500 35 0.017822 0.00443032 0.00443032 
500 40 0.0232148 0.00575231 0.00575231 
500 45 0.029377 0.00729388 0.00729388 
500 50 0.0362643 0.00900892 0.00900892 
500 55 0.0438684 0.0108946 0.0108946 
500 60 0.0521947 0.0129529 0.0129529 
520 0.1 5.2528 1.25925 1.21958 
520 0.2 1.31189 0.314635 0.304699 
520 0.3 0.583817 0.139894 0.135471 
520 0.4 0.328087 0.0786155 0.0761297 
520 0.5 0.210297 0.0503837 0.048792 
520 0.6 0.145788 0.0349422 0.0338355 
520 0.7 0.107149 0.0256788 0.024866 
520 0.8 0.0820959 0.0196691 0.0190477 
520 0.9 0.0649317 0.0155785 0.0150863 
520 1 0.0525292 0.0125929 0.0121962 
520 2 0.0132028 0.00316447 0.00306481 
520 3 0.00593904 0.00142253 0.00137767 
520 4 0.00347503 0.000832807 0.000806447 
520 5 0.00241013 0.000580357 0.000561851 
520 6 0.0019041 0.000462844 0.000447948 
520 7 0.00167375 0.000406133 0.000392772 
520 8 0.00161245 0.000396749 0.000383569 
520 9 0.00165115 0.000406924 0.000393202 
520 10 0.00176132 0.000434238 0.000419342 
520 11 0.00193363 0.00048383 0.00046722 
520 12 0.00215008 0.000540176 0.00052149 
520 13 0.00240798 0.000602333 0.000581299 
520 14 0.0026974 0.000679422 0.00065577 
520 15 0.00302345 0.000761759 0.000735128 
520 16 0.00338013 0.000851441 0.00082156 
520 17 0.00376743 0.000948469 0.000915068 
520 18 0.00418204 0.00105588 0.00101869 
520 19 0.0046279 0.00116666 0.00112549 
520 20 0.00509687 0.00128328 0.00123787 
520 25 0.00784583 0.00198157 0.00191143 
520 30 0.0112427 0.00281286 0.0027123 
520 35 0.0152545 0.00385121 0.00371472 
520 40 0.0198868 0.0050393 0.00486118 
520 45 0.0251755 0.00634765 0.00612215 
520 50 0.0310625 0.00783993 0.00756099 
520 55 0.0375771 0.00951516 0.00917826 
520 60 0.0447006 0.0112633 0.0108629 
540 0.1 4.51288 1.1178 1.13608 
540 0.2 1.12569 0.27807 0.282648 
540 0.3 0.501593 0.124285 0.126323 
540 0.4 0.282208 0.0700467 0.0711911 
540 0.5 0.180476 0.0448667 0.0455998 
540 0.6 0.12515 0.0308517 0.0313607 
540 0.7 0.0920635 0.0227977 0.0231716 
540 0.8 0.0705182 0.017469 0.0177553 
540 0.9 0.0557169 0.0137991 0.0140251 
540 1 0.045109 0.0111708 0.0113533 
540 2 0.0113318 0.00279599 0.00284177 
540 3 0.00510218 0.00126347 0.00128418 
540 4 0.00298387 0.000740194 0.000752389 
540 5 0.00206578 0.000512539 0.000521056 
540 6 0.00163401 0.000409272 0.000416096 
540 7 0.00143878 0.000363365 0.000369511 
540 8 0.00138088 0.000350672 0.000356721 
540 9 0.00141352 0.00036319 0.000369482 
540 10 0.00151063 0.000387759 0.000394583 
540 11 0.00165539 0.000427913 0.000435511 
540 12 0.00183824 0.000477137 0.000485654 
540 13 0.00206185 0.00053641 0.000546041 
540 14 0.00231184 0.000598664 0.000609553 
540 15 0.00258792 0.000674078 0.000686273 
540 16 0.00289307 0.00075345 0.000767146 
540 17 0.0032288 0.000840359 0.0008557 
540 18 0.00358223 0.000931315 0.000948349 
540 19 0.00396561 0.00103381 0.00105273 
540 20 0.00436669 0.00114035 0.00116121 
540 25 0.00672193 0.00175545 0.00178763 
540 30 0.00962094 0.00251226 0.00255838 
540 35 0.0130712 0.00341231 0.00347499 
540 40 0.0170739 0.00447478 0.00455666 
540 45 0.0215497 0.00561925 0.00572286 
540 50 0.0266217 0.00698146 0.00710927 
540 55 0.0322025 0.00839641 0.00855099 
540 60 0.0383098 0.0100157 0.0101996 
560 0.1 3.88423 0.984812 1.00068 
560 0.2 0.969631 0.244172 0.248151 
560 0.3 0.431848 0.109491 0.11126 
560 0.4 0.242853 0.0618726 0.0628669 
560 0.5 0.155196 0.0393786 0.0400155 
560 0.6 0.108065 0.0274862 0.0279283 
560 0.7 0.0792965 0.0200982 0.020423 
560 0.8 0.0607247 0.0153785 0.0156271 
560 0.9 0.0479692 0.0121524 0.0123486 
560 1 0.0388317 0.00984415 0.0100026 
560 2 0.00974423 0.00247683 0.00251654 
560 3 0.00439202 0.00111235 0.00113028 
560 4 0.0025655 0.000652354 0.000662878 
560 5 0.00177543 0.000452723 0.00046008 
560 6 0.00140516 0.000363307 0.000369251 
560 7 0.00124125 0.000320397 0.000325756 
560 8 0.00118816 0.000308102 0.000313315 
560 9 0.00121646 0.000316201 0.000321658 
560 10 0.00129983 0.000341621 0.000347565 
560 11 0.00142125 0.000376237 0.000382815 
560 12 0.00158337 0.000421051 0.000428456 
560 13 0.00176914 0.000467936 0.000476268 
560 14 0.00198633 0.00053007 0.000539474 
560 15 0.00222297 0.000589702 0.000600275 
560 16 0.00248682 0.000660007 0.000671895 
560 17 0.00277257 0.000738985 0.000752238 
560 18 0.00307712 0.000819487 0.00083425 
560 19 0.00340357 0.000908662 0.000924984 
560 20 0.0037488 0.000999361 0.00101739 
560 25 0.00577138 0.00154053 0.00156835 
560 30 0.00826814 0.00220856 0.00224852 
560 35 0.0112128 0.00300039 0.00305467 
560 40 0.0146333 0.00389537 0.00396612 
560 45 0.0185215 0.00494508 0.00503458 
560 50 0.0228298 0.00610175 0.0062122 
560 55 0.0276415 0.00738388 0.00751762 
560 60 0.0329209 0.00882073 0.00898005 
580 0.1 3.35804 0.879693 0.891228 
580 0.2 0.840798 0.221089 0.223985 
580 0.3 0.373379 0.0977994 0.0990846 
580 0.4 0.210318 0.0553922 0.0561165 
580 0.5 0.134564 0.035633 0.0360963 
580 0.6 0.0933805 0.024515 0.0248365 
580 0.7 0.0686231 0.0180053 0.0182417 
580 0.8 0.0525239 0.0137751 0.0139557 
580 0.9 0.0415173 0.0109031 0.011046 
580 1 0.0335927 0.0088018 0.00891734 
580 2 0.00843018 0.00221547 0.00224443 
580 3 0.00380224 0.00100253 0.00101561 
580 4 0.0022226 0.000584339 0.000592031 
580 5 0.00153762 0.000405629 0.000411017 
580 6 0.00121551 0.000321532 0.000325851 
580 7 0.00106562 0.000284665 0.000288531 
580 8 0.00102521 0.000275678 0.000279504 
580 9 0.00105086 0.000283016 0.000287006 
580 10 0.00112152 0.000305484 0.000309803 
580 11 0.00123295 0.000338468 0.00034328 
580 12 0.00136807 0.000373686 0.000379075 
580 13 0.00153045 0.000419816 0.000425904 
580 14 0.00171483 0.000474778 0.000481606 
580 15 0.00192392 0.00052944 0.000537174 
580 16 0.00214906 0.000594918 0.000603557 
580 17 0.00239892 0.000660098 0.000669805 
580 18 0.00266219 0.000735053 0.000745789 
580 19 0.00294092 0.000814716 0.000826604 
580 20 0.0032391 0.000892001 0.000905123 
580 25 0.00498417 0.00138026 0.0014005 
580 30 0.00713689 0.00197368 0.00200268 
580 35 0.00969488 0.00268294 0.00272234 
580 40 0.0126238 0.00348687 0.00353841 
580 45 0.0160067 0.00443502 0.0045003 
580 50 0.0197417 0.005437 0.00551746 
580 55 0.023899 0.0066226 0.00671996 
580 60 0.0284082 0.00786203 0.00797774 
600 0.1 2.89813 0.787338 0.79861 
600 0.2 0.72461 0.196722 0.199545 
600 0.3 0.322263 0.0874703 0.0887243 
600 0.4 0.181478 0.0493496 0.0500559 
600 0.5 0.116091 0.0313866 0.0318381 
600 0.6 0.0805303 0.0218605 0.0221741 
600 0.7 0.0591491 0.0160567 0.0162871 
600 0.8 0.0453424 0.0123118 0.0124883 
600 0.9 0.0358136 0.00974588 0.00988528 
600 1 0.0289711 0.00786914 0.00798167 
600 2 0.00726786 0.0019717 0.00199992 
600 3 0.00328031 0.000889519 0.00090228 
600 4 0.00191995 0.000524805 0.000532322 
600 5 0.00132674 0.000361222 0.000366465 
600 6 0.00104625 0.000286033 0.000290256 
600 7 0.000920234 0.00025424 0.000257999 
600 8 0.000884323 0.000246017 0.000249729 
600 9 0.000903909 0.000252872 0.000256723 
600 10 0.000967062 0.000272007 0.00027623 
600 11 0.00106102 0.000298031 0.000302718 
600 12 0.00117943 0.000333312 0.000338556 
600 13 0.00131813 0.00037397 0.000379864 
600 14 0.00147712 0.000420006 0.000426642 
600 15 0.0016547 0.000467834 0.000475351 
600 16 0.00184839 0.00052658 0.000534979 
600 17 0.00205809 0.000586059 0.000595432 
600 18 0.00228809 0.000650914 0.000661355 
600 19 0.00252823 0.000718459 0.000730013 
600 20 0.00278535 0.000794397 0.000807158 
600 25 0.00428544 0.0012224 0.00124207 
600 30 0.00614077 0.00175624 0.0017845 
600 35 0.00833587 0.00237937 0.0024177 
600 40 0.0109082 0.00311731 0.00316742 
600 45 0.0137708 0.00395205 0.00401539 
600 50 0.0169838 0.00484258 0.00492077 
600 55 0.0205539 0.00586447 0.00595908 
600 60 0.0244361 0.00697019 0.00708277 
620 0.1 2.52253 0.702833 0.707859 
620 0.2 0.631141 0.176068 0.177328 
620 0.3 0.28071 0.0785327 0.0790936 
620 0.4 0.157999 0.0440682 0.0443832 
620 0.5 0.101095 0.0280187 0.0282203 
620 0.6 0.0701184 0.019521 0.0196609 
620 0.7 0.0515325 0.0143431 0.0144459 
620 0.8 0.039435 0.0109833 0.011062 
620 0.9 0.0311646 0.00866334 0.00872553 
620 1 0.0252237 0.00702764 0.00707788 
620 2 0.00633242 0.00176202 0.00177463 
620 3 0.00285727 0.000798775 0.000804496 
620 4 0.00167019 0.000464841 0.000468192 
620 5 0.0011574 0.000323229 0.000325575 
620 6 0.000912798 0.000257207 0.000259098 
620 7 0.000803345 0.000227992 0.000229692 
620 8 0.000771866 0.000220638 0.000222314 
620 9 0.000787033 0.000225776 0.000227499 
620 10 0.0008423 0.000243481 0.000245372 
620 11 0.000923708 0.000268319 0.000270426 
620 12 0.00102486 0.000298352 0.000300698 
620 13 0.00114648 0.000335599 0.000338256 
620 14 0.0012859 0.000377245 0.000380238 
620 15 0.00144143 0.000419746 0.000423121 
620 16 0.00161143 0.000469669 0.000473451 
620 17 0.00179592 0.000527015 0.000531228 
620 18 0.00199651 0.000585215 0.000589907 
620 19 0.0022073 0.000646174 0.000651368 
620 20 0.00242828 0.000709892 0.000715613 
620 25 0.00373735 0.00109548 0.00110434 
620 30 0.00535325 0.00157153 0.00158424 
620 35 0.00727079 0.00213579 0.00215303 
620 40 0.00949106 0.00278755 0.0028101 
620 45 0.0119764 0.00351105 0.00353953 
620 50 0.0148356 0.00435816 0.0043933 
620 55 0.0179247 0.00527162 0.00531414 
620 60 0.0213144 0.00626562 0.00631618 
640 0.1 2.19918 0.63359 0.637013 
640 0.2 0.550041 0.158369 0.159228 
640 0.3 0.244818 0.0704491 0.0708305 
640 0.4 0.13757 0.0393245 0.0395393 
640 0.5 0.0880137 0.0253645 0.0255018 
640 0.6 0.061155 0.0176438 0.0177394 
640 0.7 0.0449038 0.0129277 0.0129979 
640 0.8 0.0343982 0.00990644 0.00996012 
640 0.9 0.0271731 0.00780936 0.00785176 
640 1 0.0220047 0.00634169 0.00637602 
640 2 0.00552508 0.00159404 0.00160267 
640 3 0.00248944 0.000716024 0.000719916 
640 4 0.00145524 0.000422259 0.000424534 
640 5 0.00100537 0.000290564 0.000292162 
640 6 0.000794129 0.000231329 0.000232608 
640 7 0.000698657 0.000204642 0.000205789 
640 8 0.000670849 0.000197911 0.000199039 
640 9 0.000687097 0.000204002 0.000205186 
640 10 0.000732304 0.000218411 0.000219689 
640 11 0.000803264 0.000240637 0.000242065 
640 12 0.000892195 0.000268169 0.000269767 
640 13 0.000998516 0.000300711 0.000302516 
640 14 0.00111921 0.000336639 0.00033867 
640 15 0.00125572 0.000382484 0.000384778 
640 16 0.00139886 0.000422284 0.000424841 
640 17 0.00155913 0.000470793 0.000473651 
640 18 0.00173395 0.000526857 0.000530034 
640 19 0.00191725 0.000582203 0.000585738 
640 20 0.0021115 0.000636218 0.00064011 
640 25 0.00325227 0.000988045 0.000994062 
640 30 0.00465629 0.00141263 0.00142125 
640 35 0.00632208 0.00191834 0.00193005 
640 40 0.00824779 0.00249982 0.00251511 
640 45 0.0104457 0.00317541 0.00319475 
640 50 0.0128774 0.00388836 0.00391227 
640 55 0.0155535 0.00470831 0.00473717 
640 60 0.0185389 0.00561471 0.0056491 
660 0.1 1.91661 0.573652 0.578205 
660 0.2 0.478908 0.143258 0.1444 
660 0.3 0.212764 0.0636306 0.0641374 
660 0.4 0.119631 0.0358837 0.0361692 
660 0.5 0.076685 0.0229289 0.0231118 
660 0.6 0.0532 0.0159119 0.0160386 
660 0.7 0.0391259 0.0116966 0.0117897 
660 0.8 0.0299167 0.00895225 0.00902352 
660 0.9 0.0236615 0.0070626 0.00711892 
660 1 0.0191695 0.00573814 0.00578371 
660 2 0.00480868 0.00143805 0.00144953 
660 3 0.00216531 0.000646534 0.000651681 
660 4 0.00126458 0.000377843 0.000380862 
660 5 0.000876588 0.000263608 0.000265735 
660 6 0.000690556 0.000208414 0.000210111 
660 7 0.000607538 0.000184391 0.000185915 
660 8 0.000582724 0.000178157 0.000179652 
660 9 0.00059811 0.000184262 0.000185843 
660 10 0.00063611 0.000196858 0.000198555 
660 11 0.00069828 0.000217169 0.000219066 
660 12 0.000775711 0.000241931 0.000244058 
660 13 0.000866869 0.000270798 0.000273184 
660 14 0.000972749 0.000304618 0.000307321 
660 15 0.00108786 0.000337888 0.000340907 
660 16 0.00121735 0.00037905 0.000382442 
660 17 0.00135706 0.000423145 0.00042694 
660 18 0.00150367 0.000473193 0.00047742 
660 19 0.0016638 0.000523156 0.000527842 
660 20 0.00183415 0.000576053 0.000581228 
660 25 0.00282492 0.000886996 0.000894959 
660 30 0.00404656 0.00127265 0.0012841 
660 35 0.005494 0.00173064 0.00174619 
660 40 0.00716364 0.00225197 0.00227224 
660 45 0.00905831 0.00284984 0.00287549 
660 50 0.0112077 0.00352343 0.00355511 
660 55 0.0135267 0.00422963 0.00426796 
660 60 0.0161038 0.00504687 0.00509252 
680 0.1 1.66072 0.505381 0.509063 
680 0.2 0.416473 0.127241 0.128171 
680 0.3 0.184871 0.0566457 0.0570581 
680 0.4 0.103992 0.0315667 0.0317981 
680 0.5 0.0665507 0.0203012 0.0204493 
680 0.6 0.0462465 0.0141292 0.0142322 
680 0.7 0.0339967 0.0103761 0.0104519 
680 0.8 0.0260141 0.00797218 0.00803008 
680 0.9 0.0205713 0.00628875 0.0063346 
680 1 0.0166305 0.00506522 0.0051023 
680 2 0.0041703 0.00127312 0.0012824 
680 3 0.00188296 0.000572555 0.000576764 
680 4 0.00110454 0.000337859 0.000340326 
680 5 0.000760329 0.000233693 0.000235409 
680 6 0.000598727 0.000184277 0.000185644 
680 7 0.000527362 0.000163638 0.000164871 
680 8 0.000505234 0.000157572 0.000158779 
680 9 0.000516465 0.000162189 0.000163449 
680 10 0.000553706 0.000175439 0.000176833 
680 11 0.000604772 0.000191835 0.000193363 
680 12 0.000671677 0.000213896 0.000215611 
680 13 0.000751056 0.000239449 0.000241379 
680 14 0.000841481 0.000268923 0.000271094 
680 15 0.000945335 0.00030276 0.000305227 
680 16 0.00105752 0.000340376 0.000343138 
680 17 0.00117824 0.0003772 0.000380283 
680 18 0.00130715 0.000418799 0.000422231 
680 19 0.00144374 0.000462147 0.000465927 
680 20 0.00158968 0.000512696 0.000516879 
680 25 0.00244969 0.000786567 0.000793028 
680 30 0.0035065 0.00112583 0.0011351 
680 35 0.00476197 0.00153402 0.00154662 
680 40 0.0062107 0.00199861 0.00201504 
680 45 0.00785621 0.00252859 0.00254939 
680 50 0.00969685 0.0031185 0.00314416 
680 55 0.0117305 0.00376672 0.00379782 
680 60 0.0139762 0.00449625 0.00453322 
700 0.1 1.45611 0.462478 0.464656 
700 0.2 0.365057 0.115933 0.116479 
700 0.3 0.16225 0.0518497 0.0520921 
700 0.4 0.0913082 0.0289822 0.029119 
700 0.5 0.0584547 0.018564 0.0186515 
700 0.6 0.0405681 0.0128927 0.0129534 
700 0.7 0.0298068 0.00945008 0.00949468 
700 0.8 0.0228168 0.00722213 0.00725627 
700 0.9 0.0180404 0.00575427 0.00578128 
700 1 0.0146149 0.00467794 0.00469979 
700 2 0.00366442 0.00116683 0.00117231 
700 3 0.00165134 0.00052683 0.000529296 
700 4 0.000965283 0.000307114 0.000308564 
700 5 0.000667932 0.000213197 0.000214213 
700 6 0.000526821 0.000169085 0.0001699 
700 7 0.000462037 0.000149296 0.000150021 
700 8 0.00044482 0.000145422 0.000146144 
700 9 0.000455531 0.000149854 0.000150614 
700 10 0.000484727 0.000159598 0.000160414 
700 11 0.000530619 0.000175338 0.000176244 
700 12 0.000589489 0.000195192 0.000196207 
700 13 0.000659018 0.000218616 0.000219759 
700 14 0.000739206 0.000245612 0.000246899 
700 15 0.000828506 0.000275815 0.000277266 
700 16 0.000926476 0.000308745 0.000310376 
700 17 0.00103119 0.00034439 0.000346203 
700 18 0.0011429 0.000378963 0.000380976 
700 19 0.00126662 0.000423858 0.000426088 
700 20 0.00139612 0.000467016 0.000469482 
700 25 0.00214775 0.000717242 0.000721049 
700 30 0.00307416 0.0010278 0.00103326 
700 35 0.00417344 0.00139515 0.00140259 
700 40 0.00544502 0.00182156 0.00183126 
700 45 0.00688449 0.00230221 0.00231446 
700 50 0.00852358 0.00285595 0.00287125 
700 55 0.0102726 0.00342649 0.0034448 
700 60 0.0122406 0.00408084 0.00410262 
720 0.1 1.25865 0.432198 0.434279 
720 0.2 0.314316 0.107628 0.10815 
720 0.3 0.139808 0.0479732 0.0482046 
720 0.4 0.0785781 0.0269219 0.0270526 
720 0.5 0.0503305 0.0172379 0.0173218 
720 0.6 0.0349373 0.0119739 0.0120318 
720 0.7 0.025666 0.0088034 0.00884596 
720 0.8 0.0196616 0.00673361 0.00676625 
720 0.9 0.0154921 0.00531621 0.00534202 
720 1 0.0125917 0.00432529 0.00434616 
720 2 0.00315122 0.00107832 0.00108354 
720 3 0.00141887 0.000486791 0.000489151 
720 4 0.000830996 0.000285219 0.000286607 
720 5 0.000574724 0.000198455 0.000199426 
720 6 0.000452315 0.000156509 0.000157282 
720 7 0.000397761 0.000138784 0.000139478 
720 8 0.000380336 0.00013336 0.000134035 
720 9 0.000389655 0.000138155 0.000138869 
720 10 0.000415181 0.000147706 0.00014848 
720 11 0.000453933 0.000162064 0.000162917 
720 12 0.000505871 0.000182134 0.000183106 
720 13 0.000565103 0.000203554 0.000204645 
720 14 0.000633692 0.000228863 0.000230093 
720 15 0.000710753 0.000257095 0.000258483 
720 16 0.000792898 0.000286911 0.000288458 
720 17 0.00088274 0.000319466 0.000321191 
720 18 0.000980724 0.000355243 0.000357167 
720 19 0.00108534 0.000392972 0.000395094 
720 20 0.00119224 0.000432155 0.000434496 
720 25 0.0018368 0.00066618 0.00066979 
720 30 0.00263061 0.000954001 0.000959197 
720 35 0.00357354 0.00129754 0.0013046 
720 40 0.00466344 0.00169343 0.00170265 
720 45 0.00589347 0.00213728 0.0021489 
720 50 0.00727858 0.00264376 0.00265818 
720 55 0.00880596 0.00320159 0.00321902 
720 60 0.0104846 0.00381853 0.00383923 
740 0.1 1.11956 0.375268 0.376688 
740 0.2 0.280101 0.0940533 0.0944081 
740 0.3 0.124283 0.0416888 0.0418469 
740 0.4 0.0700602 0.0235573 0.0236463 
740 0.5 0.0448708 0.0150839 0.015141 
740 0.6 0.0311288 0.0104784 0.010518 
740 0.7 0.022853 0.00768838 0.00771744 
740 0.8 0.0175122 0.00586969 0.00589195 
740 0.9 0.0138442 0.00463803 0.00465563 
740 1 0.011201 0.00375572 0.00376995 
740 2 0.0028127 0.000944602 0.000948174 
740 3 0.00126718 0.000427923 0.000429531 
740 4 0.000740342 0.000249344 0.000250288 
740 5 0.000512998 0.000173377 0.000174042 
740 6 0.000403032 0.000136469 0.000136995 
740 7 0.000355535 0.000121575 0.000122055 
740 8 0.000339889 0.000117034 0.000117498 
740 9 0.000346686 0.000119839 0.000120319 
740 10 0.000370506 0.000128696 0.000129222 
740 11 0.000406214 0.000141953 0.000142541 
740 12 0.000449666 0.000157061 0.00015771 
740 13 0.00050439 0.000177224 0.000177967 
740 14 0.000565308 0.000198868 0.000199703 
740 15 0.000631649 0.000221808 0.000222736 
740 16 0.000707711 0.000249433 0.000250484 
740 17 0.00078842 0.000278168 0.000279343 
740 18 0.00087422 0.000308499 0.000309798 
740 19 0.000966373 0.00034115 0.000342588 
740 20 0.00106565 0.000376306 0.0003779 
740 25 0.00164268 0.000580715 0.000583174 
740 30 0.00234834 0.000831217 0.000834743 
740 35 0.00319137 0.00112876 0.00113356 
740 40 0.0041632 0.0014759 0.00148218 
740 45 0.005263 0.00186244 0.00187037 
740 50 0.00649439 0.00229762 0.0023074 
740 55 0.00785788 0.0027794 0.00279123 
740 60 0.00935048 0.00330843 0.00332249 
760 0.1 0.989928 0.342017 0.34521 
760 0.2 0.247336 0.0854279 0.0862286 
760 0.3 0.110267 0.0381285 0.038484 
760 0.4 0.0618764 0.0213324 0.0215328 
760 0.5 0.0395796 0.0136673 0.0137956 
760 0.6 0.0274886 0.00947704 0.00956602 
760 0.7 0.0202077 0.00698239 0.00704789 
760 0.8 0.0154752 0.00535466 0.00540479 
760 0.9 0.0122118 0.0041849 0.00422443 
760 1 0.00990501 0.00342349 0.00345551 
760 2 0.00248222 0.000856795 0.000864818 
760 3 0.00112198 0.000387231 0.000390846 
760 4 0.000653152 0.000225743 0.000227848 
760 5 0.000451527 0.000156443 0.000157913 
760 6 0.000356399 0.000124399 0.000125591 
760 7 0.000313595 0.000109954 0.000111027 
760 8 0.000299406 0.000105665 0.000106698 
760 9 0.00030548 0.000108365 0.000109438 
760 10 0.000327925 0.000117109 0.000118301 
760 11 0.000358274 0.000128531 0.000129842 
760 12 0.000397811 0.000143409 0.000144878 
760 13 0.000443127 0.000159308 0.000160937 
760 14 0.000498586 0.000179741 0.000181608 
760 15 0.000558835 0.000202096 0.000204201 
760 16 0.000623755 0.000225584 0.000227928 
760 17 0.000695079 0.000251473 0.000254094 
760 18 0.000773256 0.000280249 0.000283189 
760 19 0.000854995 0.000310271 0.000313528 
760 20 0.000940627 0.000341237 0.000344812 
760 25 0.00144732 0.000521976 0.000527497 
760 30 0.00207568 0.000752649 0.000760593 
760 35 0.00281149 0.00102165 0.00103242 
760 40 0.00367534 0.00133568 0.00134974 
760 45 0.00464916 0.0016895 0.00170729 
760 50 0.00573545 0.00208455 0.00210656 
760 55 0.00694147 0.00252472 0.00255133 
760 60 0.00825626 0.00299679 0.00302844 
780 0.1 0.867967 0.307321 0.309034 
780 0.2 0.216888 0.076962 0.077392 
780 0.3 0.096598 0.0343181 0.0345092 
780 0.4 0.0542627 0.0192262 0.0193335 
780 0.5 0.0347481 0.0123006 0.0123694 
780 0.6 0.0241365 0.00854824 0.00859602 
780 0.7 0.0177435 0.0062867 0.0063218 
780 0.8 0.0135529 0.00476291 0.00478968 
780 0.9 0.0107217 0.00379096 0.00381224 
780 1 0.00868167 0.00307442 0.00309157 
780 2 0.00217915 0.000773029 0.000777353 
780 3 0.000983892 0.000349911 0.000351854 
780 4 0.000573977 0.000203976 0.000205118 
780 5 0.000396875 0.00014159 0.000142391 
780 6 0.000312056 0.000111504 0.000112135 
780 7 0.000273221 9.77819e-05 9.83406e-05 
780 8 0.000263089 9.52923e-05 9.58511e-05 
780 9 0.000265877 9.63578e-05 9.69165e-05 
780 10 0.000286336 0.000105184 0.000105816 
780 11 0.000313809 0.000115734 0.000116438 
780 12 0.000347188 0.000128115 0.000128892 
780 13 0.000388496 0.00014333 0.000144205 
780 14 0.000436293 0.000161787 0.000162783 
780 15 0.000488317 0.000180902 0.000182019 
780 16 0.000546831 0.000203258 0.000204521 
780 17 0.000608792 0.000226081 0.00022749 
780 18 0.000677243 0.000252145 0.000253724 
780 19 0.000746339 0.000277482 0.000279207 
780 20 0.000823499 0.000306572 0.000308491 
780 25 0.00126875 0.000473094 0.000476057 
780 30 0.0018165 0.000677462 0.000681713 
780 35 0.00246362 0.000918911 0.000924693 
780 40 0.00322037 0.00120085 0.00120843 
780 45 0.00406908 0.00151539 0.00152493 
780 50 0.00502413 0.00187341 0.00188519 
780 55 0.00607653 0.0022651 0.00227938 
780 60 0.00722538 0.00269429 0.00271125 
800 0.1 0.760111 0.281422 0.283189 
800 0.2 0.189646 0.0703594 0.0707984 
800 0.3 0.0845283 0.0313235 0.0315205 
800 0.4 0.0474999 0.0175972 0.0177076 
800 0.5 0.0304522 0.0113107 0.0113817 
800 0.6 0.0211332 0.00783641 0.00788553 
800 0.7 0.0155581 0.00576269 0.00579889 
800 0.8 0.0118906 0.00443225 0.00445987 
800 0.9 0.00939801 0.0034892 0.00351104 
800 1 0.00760945 0.00282172 0.00283943 
800 2 0.00190859 0.000708438 0.00071288 
800 3 0.00085911 0.000318275 0.000320268 
800 4 0.000501974 0.000186066 0.000187233 
800 5 0.000347758 0.000129875 0.000130701 
800 6 0.00027355 0.000102311 0.000102966 
800 7 0.000240847 9.10135e-05 9.16114e-05 
800 8 0.000229412 8.67785e-05 8.7348e-05 
800 9 0.000234595 8.94575e-05 9.00554e-05 
800 10 0.000250885 9.66705e-05 9.73255e-05 
800 11 0.000273427 0.00010544 0.000106152 
800 12 0.000303044 0.000116978 0.000117775 
800 13 0.00034019 0.000131778 0.000132689 
800 14 0.000381366 0.000148344 0.000149369 
800 15 0.000428384 0.00016699 0.000168157 
800 16 0.000476595 0.000185306 0.000186587 
800 17 0.000532704 0.000207604 0.000209056 
800 18 0.000589224 0.000229377 0.000230971 
800 19 0.000653642 0.000255132 0.000256926 
800 20 0.000719253 0.000280556 0.000282521 
800 25 0.00111131 0.000433959 0.000437005 
800 30 0.00158668 0.000622498 0.000626883 
800 35 0.0021536 0.000844691 0.000850614 
800 40 0.00280692 0.00109846 0.00110621 
800 45 0.00355657 0.00138909 0.00139892 
800 50 0.00438668 0.00171442 0.00172652 
800 55 0.00530771 0.00207627 0.00209093 
800 60 0.00631487 0.00247142 0.00248888 
820 0.1 0.673303 0.261105 0.26265 
820 0.2 0.168264 0.0651465 0.0655348 
820 0.3 0.0748126 0.0290087 0.0291806 
820 0.4 0.0420946 0.0163242 0.0164211 
820 0.5 0.0269616 0.0104794 0.0105416 
820 0.6 0.0186917 0.00723537 0.00727846 
820 0.7 0.0137152 0.00531737 0.0053489 
820 0.8 0.0105267 0.00410085 0.00412507 
820 0.9 0.00831474 0.0032246 0.00324373 
820 1 0.00673487 0.00261237 0.00262785 
820 2 0.00168659 0.000656008 0.000659884 
820 3 0.00076149 0.000295672 0.000297426 
820 4 0.000444244 0.000172676 0.000173695 
820 5 0.000306656 0.000119552 0.000120259 
820 6 0.000241597 9.43159e-05 9.48818e-05 
820 7 0.00021237 8.38662e-05 8.43755e-05 
820 8 0.000204118 8.13939e-05 8.19032e-05 
820 9 0.000206909 8.2482e-05 8.29913e-05 
820 10 0.000221643 8.88773e-05 8.94432e-05 
820 11 0.000241959 9.74488e-05 9.80713e-05 
820 12 0.000269868 0.000109465 0.000110173 
820 13 0.000300897 0.000122273 0.000123065 
820 14 0.000338287 0.000137833 0.000138739 
820 15 0.000379249 0.000154679 0.000155698 
820 16 0.000423002 0.000172613 0.000173745 
820 17 0.000471556 0.000192904 0.000194177 
820 18 0.000523682 0.000214481 0.000215896 
820 19 0.000578148 0.000236651 0.000238207 
820 20 0.000637744 0.000260881 0.000262607 
820 25 0.000980051 0.000400873 0.000403533 
820 30 0.00140411 0.00057832 0.000582139 
820 35 0.00190814 0.000783635 0.000788813 
820 40 0.00248645 0.0010169 0.00102367 
820 45 0.00314808 0.00128802 0.00129659 
820 50 0.00388276 0.00159324 0.00160383 
820 55 0.00469462 0.00192487 0.00193763 
820 60 0.0055902 0.00229293 0.00230815 
840 0.1 0.599812 0.233462 0.234145 
840 0.2 0.149899 0.0585065 0.0586767 
840 0.3 0.0666707 0.0259168 0.0259926 
840 0.4 0.0374752 0.0145559 0.0145985 
840 0.5 0.0240255 0.00934772 0.00937504 
840 0.6 0.0166353 0.00646065 0.0064796 
840 0.7 0.0153318 0.00805901 0.00809072 
840 0.8 0.00937544 0.00364445 0.00365512 
840 0.9 0.00740782 0.00288157 0.00288999 
840 1 0.00599663 0.00233361 0.00234043 
840 2 0.00150153 0.000581587 0.000583285 
840 3 0.00067723 0.000263074 0.000263837 
840 4 0.000396514 0.000154329 0.000154782 
840 5 0.000273169 0.000106393 0.000106704 
840 6 0.000215943 8.46243e-05 8.48789e-05 
840 7 0.000189594 7.4905e-05 7.51313e-05 
840 8 0.00017957 7.0867e-05 7.10792e-05 
840 9 0.000184541 7.39696e-05 7.41959e-05 
840 10 0.00214868 0.00246754 0.00247893 
840 12 0.000222045 9.11427e-05 9.14538e-05 
840 13 0.000247392 0.000102024 0.000102378 
840 14 0.00027635 0.00011423 0.000114626 
840 15 0.000308129 0.000127554 0.000127993 
840 16 0.000345864 0.00014309 0.000143585 
840 17 0.000385633 0.000159539 0.00016009 
840 18 0.000430702 0.000178793 0.000179415 
840 19 0.000475655 0.000196977 0.000197656 
840 20 0.000525908 0.000217967 0.000218716 
840 25 0.000631605 0.000284105 0.000285231 
840 30 0.000959029 0.000420839 0.000422502 
840 35 0.00135436 0.00058202 0.000584297 
840 40 0.00182079 0.000778672 0.000781657 
840 45 0.00235146 0.00100111 0.00100487 
840 50 0.00295706 0.00125142 0.00125607 
840 55 0.00362938 0.0015292 0.00153483 
840 60 0.00436513 0.00183742 0.00184411 
840 2.04796e-38 0.0641258 0.0744243 0.0747688 
860 0.1 0.546644 0.23024 0.231945 
860 0.2 0.133746 0.0541029 0.0544848 
860 0.3 0.0594365 0.0239279 0.0240983 
860 0.4 0.0334147 0.0134661 0.0135617 
860 0.5 0.0214045 0.00865675 0.00871806 
860 0.6 0.0148337 0.00597266 0.00601517 
860 0.7 0.0108972 0.00440503 0.00443586 
860 0.8 0.00835532 0.00336503 0.00338893 
860 0.9 0.00660302 0.00265749 0.0026764 
860 1 0.00535081 0.00215776 0.00217306 
860 2 0.00134009 0.000537576 0.000541385 
860 3 0.000604393 0.000243765 0.00024549 
860 4 0.000352875 0.00014199 0.000142996 
860 5 0.000242536 9.74849e-05 9.81677e-05 
860 6 0.000190032 7.67007e-05 7.72398e-05 
860 7 0.000168642 6.87357e-05 6.92388e-05 
860 8 0.000162275 6.70477e-05 6.75508e-05 
860 9 0.000163867 6.74697e-05 6.79728e-05 
860 10 0.000174442 7.21821e-05 7.27211e-05 
860 11 0.000191471 7.97436e-05 8.03545e-05 
860 12 0.00021262 8.91683e-05 8.98511e-05 
860 13 0.000238959 0.000100721 0.000101512 
860 14 0.000266475 0.000111834 0.000112697 
860 15 0.000298058 0.000125163 0.000126133 
860 16 0.000334972 0.000141429 0.000142543 
860 17 0.000371799 0.000156533 0.000157755 
860 18 0.000413161 0.000174363 0.000175729 
860 19 0.000456442 0.000192317 0.000193826 
860 20 0.000504726 0.000213506 0.000215195 
860 25 0.000774473 0.000327345 0.000329933 
860 30 0.00110925 0.000468318 0.000472055 
860 35 0.0015116 0.000639429 0.000644532 
860 40 0.00196916 0.00083665 0.000843298 
860 45 0.0024926 0.00105431 0.00106272 
860 50 0.00307677 0.00130646 0.00131685 
860 55 0.00372134 0.00157874 0.00159135 
860 60 0.00442329 0.00187236 0.00188727 
880 0.1 0.461784 0.193095 0.194344 
880 0.2 0.115588 0.0485614 0.0488751 
880 0.3 0.0513738 0.0215085 0.0216481 
880 0.4 0.0298908 0.0132947 0.0133876 
880 0.5 0.0206554 0.010352 0.0104331 
880 0.6 0.0128631 0.0053684 0.00540318 
880 0.7 0.00944528 0.0039568 0.00398231 
880 0.8 0.0072209 0.00301642 0.00303596 
880 0.9 0.0057046 0.00238368 0.00239912 
880 1 0.00462147 0.00193387 0.00194641 
880 2 0.00115896 0.000482514 0.000485649 
880 3 0.00052159 0.000217724 0.000219124 
880 4 0.000305434 0.000128008 0.000128842 
880 5 0.000209873 8.80503e-05 8.86172e-05 
880 6 0.000320509 0.000259229 0.000261907 
880 7 0.00014465 6.10469e-05 6.14471e-05 
880 8 0.000139153 5.95897e-05 5.99899e-05 
880 9 0.000140724 6.0006e-05 6.04062e-05 
880 10 0.000149789 6.40466e-05 6.44801e-05 
880 11 0.000165237 7.17981e-05 7.22983e-05 
880 12 0.000184154 8.00873e-05 8.06542e-05 
880 13 0.000205557 8.97992e-05 9.04329e-05 
880 14 0.000229317 0.000100136 0.000100836 
880 15 0.00149619 0.00161006 0.00162863 
880 16 0.000287768 0.000126218 0.000127118 
880 17 0.000320593 0.000140595 0.000141595 
880 18 0.0102608 0.0122579 0.0124011 
880 19 0.000393279 0.00017247 0.000173704 
880 20 0.000433599 0.000190471 0.000191838 
880 25 0.000669136 0.000294767 0.000296901 
880 30 0.000960276 0.000424661 0.000427729 
880 35 0.00130433 0.000575243 0.000579412 
880 40 0.0016983 0.000746479 0.000751915 
880 45 0.00214447 0.000945465 0.000952335 
880 50 0.00265171 0.00116817 0.00117668 
880 55 0.00320656 0.0014136 0.00142391 
880 60 0.0120587 0.0114756 0.0116061 
900 0.1 0.412772 0.178071 0.178298 
900 0.2 0.103373 0.0446697 0.0447265 
900 0.3 0.0458924 0.0197577 0.019783 
900 0.4 0.0257755 0.011113 0.0111272 
900 0.5 0.0165378 0.00712505 0.00713414 
900 0.6 0.011462 0.00494435 0.00495067 
900 0.7 0.00842537 0.00363433 0.00363897 
900 0.8 0.00645193 0.00278276 0.00278632 
900 0.9 0.00510008 0.00219776 0.00220056 
900 1 0.00566899 0.00338981 0.00339659 
900 2 0.00203487 0.00167569 0.00167919 
900 3 0.000465379 0.000200077 0.000200331 
900 4 0.000272748 0.000117643 0.000117794 
900 5 0.000187411 8.06378e-05 8.07404e-05 
900 6 0.000147962 6.40549e-05 6.4137e-05 
900 7 1.27783 1.57194 1.57568 
900 8 1.25295 1.54134 1.54501 
900 9 1.30859 1.6098 1.61363 
900 10 0.000134819 6.0115e-05 6.01971e-05 
900 11 0.000146804 6.54554e-05 6.55443e-05 
900 12 0.000164294 7.36156e-05 7.37182e-05 
900 13 0.000305283 0.000218666 0.000219137 
900 14 0.000205428 9.27521e-05 9.2882e-05 
900 15 0.000229397 0.000103433 0.000103576 
900 16 0.000257287 0.000116505 0.000116669 
900 17 0.000287229 0.000130515 0.0001307 
900 18 0.000319081 0.000144659 0.000144864 
900 19 0.000352191 0.000159527 0.000159752 
900 20 0.00278069 0.0031205 0.00312775 
900 25 0.000595909 0.000270262 0.000270645 
900 30 0.00123891 0.000861143 0.000862822 
900 35 0.0011603 0.000525498 0.000526251 
900 40 0.00151334 0.000689271 0.000690256 
900 45 0.00191767 0.000873574 0.000874825 
900 50 0.00236537 0.00107744 0.00107898 
900 55 0.00515726 0.00388531 0.00389389 
900 60 0.00341049 0.00155463 0.00155686 
920 0.1 0.367509 0.165165 0.165513 
920 0.2 0.0919232 0.0414051 0.0414922 
920 0.3 0.040874 0.0184085 0.0184473 
920 0.4 0.0229798 0.0103311 0.0103529 
920 0.5 0.0146869 0.00663153 0.00664545 
920 0.6 0.0101915 0.00457329 0.00458295 
920 0.7 0.00750478 0.00338169 0.00338883 
920 0.8 0.00574266 0.00258457 0.00259 
920 0.9 0.00454117 0.00204755 0.00205187 
920 1 0.00367954 0.00165657 0.00166005 
920 2 0.00194345 0.00167092 0.0016769 
920 3 0.000415474 0.000186769 0.00018716 
920 4 0.000241561 0.000108134 0.000108359 
920 5 0.000166314 7.46758e-05 7.48298e-05 
920 6 1.28459 1.57958 1.586 
920 7 1.15564 1.42101 1.42679 
920 8 2.29305 2.06618 2.07764 
920 9 1.18143 1.45273 1.45863 
920 10 1.27729 1.57061 1.57699 
920 11 0.000153562 8.11027e-05 8.13516e-05 
920 12 0.000145537 6.81854e-05 6.83394e-05 
920 13 0.000163584 7.72727e-05 7.74504e-05 
920 14 0.000183545 8.65028e-05 8.67042e-05 
920 15 0.000633433 0.000606642 0.000609009 
920 16 0.000228513 0.000107889 0.000108138 
920 17 0.00172148 0.00190287 0.00191049 
920 18 0.000282668 0.000133672 0.00013398 
920 19 0.000312752 0.000148324 0.000148668 
920 20 0.000344748 0.00016312 0.000163499 
920 25 0.000531599 0.000252783 0.000253376 
920 30 0.000761688 0.000362589 0.000363442 
920 35 0.00103563 0.000493856 0.000495018 
920 40 0.00134834 0.00064409 0.000645595 
920 45 0.00170627 0.000812269 0.000814177 
920 50 0.00210685 0.0010058 0.00100816 
920 55 0.00254866 0.00121662 0.00121948 
920 60 0.00303168 0.00144472 0.00144812 
940 0.1 0.324411 0.148924 0.149174 
940 0.2 0.0810799 0.0372694 0.0373319 
940 0.3 0.0360284 0.0165151 0.0165428 
940 0.4 0.0202663 0.00929708 0.00931271 
940 0.5 0.0130094 0.00596689 0.00597689 
940 0.6 0.00901319 0.00414158 0.00414852 
940 0.7 0.0066244 0.00304565 0.00305076 
940 0.8 0.00506781 0.00232579 0.00232969 
940 0.9 0.00400217 0.00183766 0.00184073 
940 1 0.00324269 0.0014879 0.00149039 
940 2 0.000812736 0.000372938 0.000373561 
940 3 0.000365388 0.000167468 0.000167746 
940 4 0.000213618 9.82356e-05 9.83986e-05 
940 5 0.000147789 6.81183e-05 6.82334e-05 
940 6 1.89025 2.32962 2.33765 
940 7 1.97826 1.86168 1.87008 
940 8 1.04063 1.27065 1.27507 
940 9 2.01658 1.89774 1.90631 
940 10 1.8545 2.28557 2.29345 
940 11 1.21657 1.49934 1.50451 
940 12 0.000127074 6.00586e-05 6.01641e-05 
940 13 0.000143351 6.87526e-05 6.88772e-05 
940 14 0.00016122 7.78922e-05 7.8036e-05 
940 15 0.000181007 8.71839e-05 8.73469e-05 
940 16 0.000202207 9.80253e-05 9.82075e-05 
940 17 0.000224854 0.000108502 0.000108703 
940 18 0.000248768 0.000119718 0.000119939 
940 19 0.000276205 0.000133798 0.000134047 
940 20 0.000302508 0.000145682 0.000145951 
940 25 0.000467252 0.000226438 0.00022686 
940 30 0.00127954 0.00107715 0.00108035 
940 35 0.000908998 0.000441213 0.000442038 
940 40 0.00118522 0.000577276 0.00057836 
940 45 0.00149715 0.000727088 0.000728449 
940 50 0.00185221 0.000896432 0.000898119 
940 55 0.00223938 0.00108693 0.00108898 
940 60 0.00266743 0.00129485 0.00129728 
960 0.1 0.291902 0.137408 0.138106 
960 0.2 0.0729125 0.0343152 0.0344897 
960 0.3 0.0324422 0.0152683 0.0153459 
960 0.4 0.0182204 0.00856973 0.00861341 
960 0.5 0.0116433 0.00549839 0.00552638 
960 0.6 0.0081045 0.00381998 0.00383942 
960 0.7 0.00595154 0.00280414 0.00281841 
960 0.8 0.00455688 0.00214447 0.00215538 
960 0.9 0.00360265 0.00169588 0.00170449 
960 1 0.00291923 0.00137428 0.00138126 
960 2 0.000731837 0.000344733 0.000346486 
960 3 0.000329601 0.000155012 0.000155798 
960 4 0.000191645 9.0017e-05 9.04704e-05 
960 5 1.21114 1.4908 1.50622 
960 6 2.05812 1.94693 1.97313 
960 7 1.84868 1.7488 1.77234 
960 8 1.79763 1.70051 1.72339 
960 9 1.88189 1.78022 1.80418 
960 10 2.03015 1.92047 1.94632 
960 11 2.24332 2.12213 2.15069 
960 12 1.19251 1.46789 1.48307 
960 13 0.000127576 6.20423e-05 6.23747e-05 
960 14 0.000144925 7.12745e-05 7.16675e-05 
960 15 0.000163074 8.0734e-05 8.11874e-05 
960 16 0.00018012 8.86946e-05 8.91782e-05 
960 17 0.000200664 9.88354e-05 9.93795e-05 
960 18 0.000222805 0.000109431 0.000110035 
960 19 0.000248268 0.000123312 0.000124007 
960 20 0.00027248 0.000134881 0.000135637 
960 25 0.000420578 0.000208629 0.000209808 
960 30 0.000602274 0.000299343 0.000301035 
960 35 0.00106506 0.000710359 0.000715805 
960 40 0.00107076 0.000534074 0.000537097 
960 45 0.00135043 0.000670646 0.000674454 
960 50 0.00166894 0.00082763 0.000832346 
960 55 0.00201765 0.00100405 0.00100973 
960 60 0.00240219 0.00119852 0.00120532 
980 0.1 0.256379 0.126723 0.127483 
980 0.2 0.0641106 0.031698 0.0318883 
980 0.3 0.028465 0.0140854 0.01417 
980 0.4 0.0160222 0.00790232 0.00794986 
980 0.5 0.0102681 0.0050831 0.00511356 
980 0.6 0.00712242 0.00352164 0.00354279 
980 0.7 0.00523161 0.00258365 0.00259917 
980 0.8 0.00400447 0.00197764 0.00198953 
980 0.9 0.00318198 0.00158168 0.00159135 
980 1 0.00256355 0.00126697 0.00127457 
980 2 0.000641946 0.000316611 0.0003185 
980 3 0.000289504 0.000142936 0.000143788 
980 4 1.06543 1.31123 1.32934 
980 5 2.09244 2.281 2.31658 
980 6 1.67545 1.82643 1.85492 
980 7 1.50143 1.63673 1.66226 
980 8 1.47233 1.60501 1.63004 
980 9 1.53007 1.66796 1.69398 
980 10 1.65614 1.80539 1.83355 
980 11 1.8302 1.99514 2.02625 
980 12 2.04687 2.23133 2.26614 
980 13 0.000112735 5.8074e-05 5.84445e-05 
980 14 0.000125483 6.42678e-05 6.46754e-05 
980 15 0.000141688 7.35916e-05 7.40733e-05 
980 16 0.000159496 8.33773e-05 8.39331e-05 
980 17 0.000175926 9.10184e-05 9.16112e-05 
980 18 0.000195814 0.000101789 0.000102456 
980 19 0.000216503 0.000112791 0.000113533 
980 20 0.000238317 0.000123732 0.000124547 
980 25 0.000369436 0.000193505 0.000194802 
980 30 0.000528131 0.000276652 0.000278504 
980 35 0.000717382 0.000375777 0.000378297 
980 40 0.000936064 0.000490944 0.000494242 
980 45 0.00118231 0.000621409 0.000625559 
980 50 0.00145835 0.000761849 0.000766962 
980 55 0.00176868 0.000926879 0.000933104 
980 60 0.0303208 0.0299165 0.200758 
1000 0.1 0.230745 0.1161 0.116815 
1000 0.2 0.0576995 0.0290709 0.0292502 
1000 0.3 0.0256368 0.0129266 0.0130063 
1000 0.4 0.0144101 0.00723536 0.00728022 
1000 0.5 0.00924133 0.00465658 0.00468522 
1000 0.6 0.00640841 0.00322442 0.00324428 
1000 0.7 0.00470799 0.00237207 0.00238671 
1000 0.8 0.0036057 0.00181242 0.00182356 
1000 0.9 0.00284647 0.00143406 0.00144289 
1000 1 0.00230908 0.00116275 0.00116993 
1000 2 0.000576992 0.000289453 0.000291219 
1000 3 0.000259344 0.000129967 0.000130752 
1000 4 0.000151983 7.64562e-05 7.69272e-05 
1000 5 1.95814 2.10356 2.13703 
1000 6 1.57114 1.68782 1.71468 
1000 7 1.41064 1.51541 1.53952 
1000 8 1.3766 1.47883 1.50237 
1000 9 1.43073 1.53699 1.56145 
1000 10 1.54721 1.66212 1.68857 
1000 11 1.71179 1.83892 1.86818 
1000 12 1.91289 2.05496 2.08766 
1000 13 2.15668 2.31686 2.35373 
1000 14 1.18776 1.46245 1.48276 
1000 15 0.000128888 6.85339e-05 6.90049e-05 
1000 16 0.000143049 7.56328e-05 7.6143e-05 
1000 17 0.000158012 8.29666e-05 8.3516e-05 
1000 18 0.000176073 9.30012e-05 9.36291e-05 
1000 19 0.000195415 0.000103797 0.000104503 
1000 20 0.000215882 0.000114537 0.000115321 
1000 25 0.00033237 0.000177259 0.000178476 
1000 30 0.000474939 0.000252366 0.000254092 
1000 35 0.000644918 0.000343196 0.000345551 
1000 40 0.00084343 0.000449694 0.000452794 
1000 45 0.00106236 0.000564353 0.000568238 
1000 50 0.0013166 0.000702698 0.000707525 
1000 55 0.00159276 0.000849509 0.000855357 
1000 60 0.00189434 0.00101121 0.00101816 
