 2.000e+02  1.000e-01  8.930e+01
 2.000e+02  2.000e-01  2.230e+01
 2.000e+02  3.000e-01  9.930e+00
 2.000e+02  4.000e-01  5.580e+00
 2.000e+02  5.000e-01  3.570e+00
 2.000e+02  6.000e-01  2.480e+00
 2.000e+02  7.000e-01  1.820e+00
 2.000e+02  8.000e-01  1.400e+00
 2.000e+02  9.000e-01  1.100e+00
 2.000e+02  1.000e+00  8.940e-01
 2.000e+02  2.000e+00  2.240e-01
 2.000e+02  3.000e+00  1.010e-01
 2.000e+02  4.000e+00  5.920e-02
 2.000e+02  5.000e+00  4.100e-02
 2.000e+02  6.000e+00  3.230e-02
 2.000e+02  7.000e+00  2.850e-02
 2.000e+02  8.000e+00  2.730e-02
 2.000e+02  9.000e+00  2.800e-02
 2.000e+02  1.000e+01  2.980e-02
 2.000e+02  1.100e+01  3.270e-02
 2.000e+02  1.200e+01  3.630e-02
 2.000e+02  1.300e+01  4.060e-02
 2.000e+02  1.400e+01  4.550e-02
 2.000e+02  1.500e+01  5.100e-02
 2.000e+02  1.600e+01  5.700e-02
 2.000e+02  1.700e+01  6.350e-02
 2.000e+02  1.800e+01  7.050e-02
 2.000e+02  1.900e+01  7.790e-02
 2.000e+02  2.000e+01  8.580e-02
 2.000e+02  2.500e+01  1.320e-01
 2.000e+02  3.000e+01  1.890e-01
 2.000e+02  3.500e+01  2.570e-01
 2.000e+02  4.000e+01  3.350e-01
 2.000e+02  4.500e+01  4.240e-01
 2.000e+02  5.000e+01  5.230e-01
 2.000e+02  5.500e+01  6.330e-01
 2.000e+02  6.000e+01  7.530e-01
 2.200e+02  1.000e-01  7.240e+01
 2.200e+02  2.000e-01  1.810e+01
 2.200e+02  3.000e-01  8.050e+00
 2.200e+02  4.000e-01  4.530e+00
 2.200e+02  5.000e-01  2.900e+00
 2.200e+02  6.000e-01  2.010e+00
 2.200e+02  7.000e-01  1.480e+00
 2.200e+02  8.000e-01  1.130e+00
 2.200e+02  9.000e-01  8.940e-01
 2.200e+02  1.000e+00  7.240e-01
 2.200e+02  2.000e+00  1.820e-01
 2.200e+02  3.000e+00  8.200e-02
 2.200e+02  4.000e+00  4.800e-02
 2.200e+02  5.000e+00  3.320e-02
 2.200e+02  6.000e+00  2.620e-02
 2.200e+02  7.000e+00  2.310e-02
 2.200e+02  8.000e+00  2.210e-02
 2.200e+02  9.000e+00  2.260e-02
 2.200e+02  1.000e+01  2.410e-02
 2.200e+02  1.100e+01  2.640e-02
 2.200e+02  1.200e+01  2.940e-02
 2.200e+02  1.300e+01  3.280e-02
 2.200e+02  1.400e+01  3.680e-02
 2.200e+02  1.500e+01  4.120e-02
 2.200e+02  1.600e+01  4.610e-02
 2.200e+02  1.700e+01  5.130e-02
 2.200e+02  1.800e+01  5.700e-02
 2.200e+02  1.900e+01  6.300e-02
 2.200e+02  2.000e+01  6.940e-02
 2.200e+02  2.500e+01  1.070e-01
 2.200e+02  3.000e+01  1.530e-01
 2.200e+02  3.500e+01  2.080e-01
 2.200e+02  4.000e+01  2.710e-01
 2.200e+02  4.500e+01  3.420e-01
 2.200e+02  5.000e+01  4.230e-01
 2.200e+02  5.500e+01  5.110e-01
 2.200e+02  6.000e+01  6.080e-01
 2.400e+02  1.000e-01  5.930e+01
 2.400e+02  2.000e-01  1.480e+01
 2.400e+02  3.000e-01  6.590e+00
 2.400e+02  4.000e-01  3.710e+00
 2.400e+02  5.000e-01  2.370e+00
 2.400e+02  6.000e-01  1.650e+00
 2.400e+02  7.000e-01  1.210e+00
 2.400e+02  8.000e-01  9.270e-01
 2.400e+02  9.000e-01  7.320e-01
 2.400e+02  1.000e+00  5.930e-01
 2.400e+02  2.000e+00  1.490e-01
 2.400e+02  3.000e+00  6.710e-02
 2.400e+02  4.000e+00  3.930e-02
 2.400e+02  5.000e+00  2.720e-02
 2.400e+02  6.000e+00  2.140e-02
 2.400e+02  7.000e+00  1.890e-02
 2.400e+02  8.000e+00  1.810e-02
 2.400e+02  9.000e+00  1.850e-02
 2.400e+02  1.000e+01  1.970e-02
 2.400e+02  1.100e+01  2.160e-02
 2.400e+02  1.200e+01  2.400e-02
 2.400e+02  1.300e+01  2.680e-02
 2.400e+02  1.400e+01  3.010e-02
 2.400e+02  1.500e+01  3.370e-02
 2.400e+02  1.600e+01  3.760e-02
 2.400e+02  1.700e+01  4.190e-02
 2.400e+02  1.800e+01  4.650e-02
 2.400e+02  1.900e+01  5.140e-02
 2.400e+02  2.000e+01  5.670e-02
 2.400e+02  2.500e+01  8.720e-02
 2.400e+02  3.000e+01  1.250e-01
 2.400e+02  3.500e+01  1.690e-01
 2.400e+02  4.000e+01  2.210e-01
 2.400e+02  4.500e+01  2.800e-01
 2.400e+02  5.000e+01  3.450e-01
 2.400e+02  5.500e+01  4.170e-01
 2.400e+02  6.000e+01  4.970e-01
 2.600e+02  1.000e-01  4.880e+01
 2.600e+02  2.000e-01  1.220e+01
 2.600e+02  3.000e-01  5.420e+00
 2.600e+02  4.000e-01  3.050e+00
 2.600e+02  5.000e-01  1.950e+00
 2.600e+02  6.000e-01  1.360e+00
 2.600e+02  7.000e-01  9.960e-01
 2.600e+02  8.000e-01  7.630e-01
 2.600e+02  9.000e-01  6.030e-01
 2.600e+02  1.000e+00  4.880e-01
 2.600e+02  2.000e+00  1.220e-01
 2.600e+02  3.000e+00  5.530e-02
 2.600e+02  4.000e+00  3.230e-02
 2.600e+02  5.000e+00  2.240e-02
 2.600e+02  6.000e+00  1.760e-02
 2.600e+02  7.000e+00  1.550e-02
 2.600e+02  8.000e+00  1.490e-02
 2.600e+02  9.000e+00  1.520e-02
 2.600e+02  1.000e+01  1.620e-02
 2.600e+02  1.100e+01  1.770e-02
 2.600e+02  1.200e+01  1.970e-02
 2.600e+02  1.300e+01  2.200e-02
 2.600e+02  1.400e+01  2.470e-02
 2.600e+02  1.500e+01  2.760e-02
 2.600e+02  1.600e+01  3.090e-02
 2.600e+02  1.700e+01  3.440e-02
 2.600e+02  1.800e+01  3.820e-02
 2.600e+02  1.900e+01  4.220e-02
 2.600e+02  2.000e+01  4.650e-02
 2.600e+02  2.500e+01  7.150e-02
 2.600e+02  3.000e+01  1.020e-01
 2.600e+02  3.500e+01  1.390e-01
 2.600e+02  4.000e+01  1.810e-01
 2.600e+02  4.500e+01  2.290e-01
 2.600e+02  5.000e+01  2.830e-01
 2.600e+02  5.500e+01  3.430e-01
 2.600e+02  6.000e+01  4.080e-01
 2.800e+02  1.000e-01  4.040e+01
 2.800e+02  2.000e-01  1.010e+01
 2.800e+02  3.000e-01  4.490e+00
 2.800e+02  4.000e-01  2.520e+00
 2.800e+02  5.000e-01  1.620e+00
 2.800e+02  6.000e-01  1.120e+00
 2.800e+02  7.000e-01  8.240e-01
 2.800e+02  8.000e-01  6.310e-01
 2.800e+02  9.000e-01  4.990e-01
 2.800e+02  1.000e+00  4.040e-01
 2.800e+02  2.000e+00  1.010e-01
 2.800e+02  3.000e+00  4.570e-02
 2.800e+02  4.000e+00  2.670e-02
 2.800e+02  5.000e+00  1.850e-02
 2.800e+02  6.000e+00  1.460e-02
 2.800e+02  7.000e+00  1.280e-02
 2.800e+02  8.000e+00  1.230e-02
 2.800e+02  9.000e+00  1.260e-02
 2.800e+02  1.000e+01  1.340e-02
 2.800e+02  1.100e+01  1.460e-02
 2.800e+02  1.200e+01  1.630e-02
 2.800e+02  1.300e+01  1.820e-02
 2.800e+02  1.400e+01  2.040e-02
 2.800e+02  1.500e+01  2.280e-02
 2.800e+02  1.600e+01  2.550e-02
 2.800e+02  1.700e+01  2.840e-02
 2.800e+02  1.800e+01  3.150e-02
 2.800e+02  1.900e+01  3.480e-02
 2.800e+02  2.000e+01  3.840e-02
 2.800e+02  2.500e+01  5.900e-02
 2.800e+02  3.000e+01  8.450e-02
 2.800e+02  3.500e+01  1.150e-01
 2.800e+02  4.000e+01  1.500e-01
 2.800e+02  4.500e+01  1.890e-01
 2.800e+02  5.000e+01  2.340e-01
 2.800e+02  5.500e+01  2.830e-01
 2.800e+02  6.000e+01  3.360e-01
 3.000e+02  1.000e-01  3.360e+01
 3.000e+02  2.000e-01  8.390e+00
 3.000e+02  3.000e-01  3.730e+00
 3.000e+02  4.000e-01  2.100e+00
 3.000e+02  5.000e-01  1.340e+00
 3.000e+02  6.000e-01  9.330e-01
 3.000e+02  7.000e-01  6.850e-01
 3.000e+02  8.000e-01  5.250e-01
 3.000e+02  9.000e-01  4.150e-01
 3.000e+02  1.000e+00  3.360e-01
 3.000e+02  2.000e+00  8.420e-02
 3.000e+02  3.000e+00  3.800e-02
 3.000e+02  4.000e+00  2.220e-02
 3.000e+02  5.000e+00  1.540e-02
 3.000e+02  6.000e+00  1.210e-02
 3.000e+02  7.000e+00  1.060e-02
 3.000e+02  8.000e+00  1.020e-02
 3.000e+02  9.000e+00  1.040e-02
 3.000e+02  1.000e+01  1.110e-02
 3.000e+02  1.100e+01  1.210e-02
 3.000e+02  1.200e+01  1.350e-02
 3.000e+02  1.300e+01  1.510e-02
 3.000e+02  1.400e+01  1.690e-02
 3.000e+02  1.500e+01  1.890e-02
 3.000e+02  1.600e+01  2.110e-02
 3.000e+02  1.700e+01  2.350e-02
 3.000e+02  1.800e+01  2.610e-02
 3.000e+02  1.900e+01  2.890e-02
 3.000e+02  2.000e+01  3.180e-02
 3.000e+02  2.500e+01  4.890e-02
 3.000e+02  3.000e+01  7.000e-02
 3.000e+02  3.500e+01  9.510e-02
 3.000e+02  4.000e+01  1.240e-01
 3.000e+02  4.500e+01  1.570e-01
 3.000e+02  5.000e+01  1.940e-01
 3.000e+02  5.500e+01  2.340e-01
 3.000e+02  6.000e+01  2.790e-01
 3.200e+02  1.000e-01  2.800e+01
 3.200e+02  2.000e-01  7.000e+00
 3.200e+02  3.000e-01  3.110e+00
 3.200e+02  4.000e-01  1.750e+00
 3.200e+02  5.000e-01  1.120e+00
 3.200e+02  6.000e-01  7.770e-01
 3.200e+02  7.000e-01  5.710e-01
 3.200e+02  8.000e-01  4.370e-01
 3.200e+02  9.000e-01  3.460e-01
 3.200e+02  1.000e+00  2.800e-01
 3.200e+02  2.000e+00  7.020e-02
 3.200e+02  3.000e+00  3.170e-02
 3.200e+02  4.000e+00  1.850e-02
 3.200e+02  5.000e+00  1.280e-02
 3.200e+02  6.000e+00  1.010e-02
 3.200e+02  7.000e+00  8.870e-03
 3.200e+02  8.000e+00  8.490e-03
 3.200e+02  9.000e+00  8.670e-03
 3.200e+02  1.000e+01  9.230e-03
 3.200e+02  1.100e+01  1.010e-02
 3.200e+02  1.200e+01  1.120e-02
 3.200e+02  1.300e+01  1.250e-02
 3.200e+02  1.400e+01  1.400e-02
 3.200e+02  1.500e+01  1.570e-02
 3.200e+02  1.600e+01  1.760e-02
 3.200e+02  1.700e+01  1.960e-02
 3.200e+02  1.800e+01  2.170e-02
 3.200e+02  1.900e+01  2.400e-02
 3.200e+02  2.000e+01  2.640e-02
 3.200e+02  2.500e+01  4.070e-02
 3.200e+02  3.000e+01  5.820e-02
 3.200e+02  3.500e+01  7.910e-02
 3.200e+02  4.000e+01  1.030e-01
 3.200e+02  4.500e+01  1.300e-01
 3.200e+02  5.000e+01  1.610e-01
 3.200e+02  5.500e+01  1.950e-01
 3.200e+02  6.000e+01  2.320e-01
 3.400e+02  1.000e-01  2.340e+01
 3.400e+02  2.000e-01  5.860e+00
 3.400e+02  3.000e-01  2.600e+00
 3.400e+02  4.000e-01  1.460e+00
 3.400e+02  5.000e-01  9.370e-01
 3.400e+02  6.000e-01  6.510e-01
 3.400e+02  7.000e-01  4.780e-01
 3.400e+02  8.000e-01  3.660e-01
 3.400e+02  9.000e-01  2.890e-01
 3.400e+02  1.000e+00  2.340e-01
 3.400e+02  2.000e+00  5.880e-02
 3.400e+02  3.000e+00  2.650e-02
 3.400e+02  4.000e+00  1.550e-02
 3.400e+02  5.000e+00  1.070e-02
 3.400e+02  6.000e+00  8.440e-03
 3.400e+02  7.000e+00  7.410e-03
 3.400e+02  8.000e+00  7.100e-03
 3.400e+02  9.000e+00  7.240e-03
 3.400e+02  1.000e+01  7.720e-03
 3.400e+02  1.100e+01  8.440e-03
 3.400e+02  1.200e+01  9.360e-03
 3.400e+02  1.300e+01  1.050e-02
 3.400e+02  1.400e+01  1.170e-02
 3.400e+02  1.500e+01  1.310e-02
 3.400e+02  1.600e+01  1.470e-02
 3.400e+02  1.700e+01  1.630e-02
 3.400e+02  1.800e+01  1.810e-02
 3.400e+02  1.900e+01  2.000e-02
 3.400e+02  2.000e+01  2.210e-02
 3.400e+02  2.500e+01  3.400e-02
 3.400e+02  3.000e+01  4.860e-02
 3.400e+02  3.500e+01  6.600e-02
 3.400e+02  4.000e+01  8.610e-02
 3.400e+02  4.500e+01  1.090e-01
 3.400e+02  5.000e+01  1.340e-01
 3.400e+02  5.500e+01  1.630e-01
 3.400e+02  6.000e+01  1.940e-01
 3.600e+02  1.000e-01  1.970e+01
 3.600e+02  2.000e-01  4.920e+00
 3.600e+02  3.000e-01  2.190e+00
 3.600e+02  4.000e-01  1.230e+00
 3.600e+02  5.000e-01  7.870e-01
 3.600e+02  6.000e-01  5.460e-01
 3.600e+02  7.000e-01  4.010e-01
 3.600e+02  8.000e-01  3.070e-01
 3.600e+02  9.000e-01  2.430e-01
 3.600e+02  1.000e+00  1.970e-01
 3.600e+02  2.000e+00  4.940e-02
 3.600e+02  3.000e+00  2.230e-02
 3.600e+02  4.000e+00  1.300e-02
 3.600e+02  5.000e+00  8.990e-03
 3.600e+02  6.000e+00  7.080e-03
 3.600e+02  7.000e+00  6.220e-03
 3.600e+02  8.000e+00  5.950e-03
 3.600e+02  9.000e+00  6.080e-03
 3.600e+02  1.000e+01  6.470e-03
 3.600e+02  1.100e+01  7.070e-03
 3.600e+02  1.200e+01  7.850e-03
 3.600e+02  1.300e+01  8.770e-03
 3.600e+02  1.400e+01  9.830e-03
 3.600e+02  1.500e+01  1.100e-02
 3.600e+02  1.600e+01  1.230e-02
 3.600e+02  1.700e+01  1.370e-02
 3.600e+02  1.800e+01  1.520e-02
 3.600e+02  1.900e+01  1.680e-02
 3.600e+02  2.000e+01  1.850e-02
 3.600e+02  2.500e+01  2.850e-02
 3.600e+02  3.000e+01  4.070e-02
 3.600e+02  3.500e+01  5.530e-02
 3.600e+02  4.000e+01  7.220e-02
 3.600e+02  4.500e+01  9.130e-02
 3.600e+02  5.000e+01  1.130e-01
 3.600e+02  5.500e+01  1.360e-01
 3.600e+02  6.000e+01  1.620e-01
 3.800e+02  1.000e-01  1.660e+01
 3.800e+02  2.000e-01  4.140e+00
 3.800e+02  3.000e-01  1.840e+00
 3.800e+02  4.000e-01  1.040e+00
 3.800e+02  5.000e-01  6.630e-01
 3.800e+02  6.000e-01  4.610e-01
 3.800e+02  7.000e-01  3.380e-01
 3.800e+02  8.000e-01  2.590e-01
 3.800e+02  9.000e-01  2.050e-01
 3.800e+02  1.000e+00  1.660e-01
 3.800e+02  2.000e+00  4.160e-02
 3.800e+02  3.000e+00  1.880e-02
 3.800e+02  4.000e+00  1.100e-02
 3.800e+02  5.000e+00  7.580e-03
 3.800e+02  6.000e+00  5.970e-03
 3.800e+02  7.000e+00  5.240e-03
 3.800e+02  8.000e+00  5.010e-03
 3.800e+02  9.000e+00  5.110e-03
 3.800e+02  1.000e+01  5.440e-03
 3.800e+02  1.100e+01  5.950e-03
 3.800e+02  1.200e+01  6.600e-03
 3.800e+02  1.300e+01  7.380e-03
 3.800e+02  1.400e+01  8.270e-03
 3.800e+02  1.500e+01  9.260e-03
 3.800e+02  1.600e+01  1.030e-02
 3.800e+02  1.700e+01  1.150e-02
 3.800e+02  1.800e+01  1.280e-02
 3.800e+02  1.900e+01  1.410e-02
 3.800e+02  2.000e+01  1.560e-02
 3.800e+02  2.500e+01  2.390e-02
 3.800e+02  3.000e+01  3.430e-02
 3.800e+02  3.500e+01  4.650e-02
 3.800e+02  4.000e+01  6.070e-02
 3.800e+02  4.500e+01  7.680e-02
 3.800e+02  5.000e+01  9.470e-02
 3.800e+02  5.500e+01  1.150e-01
 3.800e+02  6.000e+01  1.360e-01
 4.000e+02  1.000e-01  1.400e+01
 4.000e+02  2.000e-01  3.500e+00
 4.000e+02  3.000e-01  1.560e+00
 4.000e+02  4.000e-01  8.760e-01
 4.000e+02  5.000e-01  5.610e-01
 4.000e+02  6.000e-01  3.890e-01
 4.000e+02  7.000e-01  2.860e-01
 4.000e+02  8.000e-01  2.190e-01
 4.000e+02  9.000e-01  1.730e-01
 4.000e+02  1.000e+00  1.400e-01
 4.000e+02  2.000e+00  3.520e-02
 4.000e+02  3.000e+00  1.590e-02
 4.000e+02  4.000e+00  9.270e-03
 4.000e+02  5.000e+00  6.410e-03
 4.000e+02  6.000e+00  5.040e-03
 4.000e+02  7.000e+00  4.430e-03
 4.000e+02  8.000e+00  4.230e-03
 4.000e+02  9.000e+00  4.320e-03
 4.000e+02  1.000e+01  4.600e-03
 4.000e+02  1.100e+01  5.020e-03
 4.000e+02  1.200e+01  5.570e-03
 4.000e+02  1.300e+01  6.230e-03
 4.000e+02  1.400e+01  6.980e-03
 4.000e+02  1.500e+01  7.810e-03
 4.000e+02  1.600e+01  8.730e-03
 4.000e+02  1.700e+01  9.720e-03
 4.000e+02  1.800e+01  1.080e-02
 4.000e+02  1.900e+01  1.190e-02
 4.000e+02  2.000e+01  1.310e-02
 4.000e+02  2.500e+01  2.020e-02
 4.000e+02  3.000e+01  2.890e-02
 4.000e+02  3.500e+01  3.930e-02
 4.000e+02  4.000e+01  5.120e-02
 4.000e+02  4.500e+01  6.480e-02
 4.000e+02  5.000e+01  7.990e-02
 4.000e+02  5.500e+01  9.670e-02
 4.000e+02  6.000e+01  1.150e-01
 4.200e+02  1.000e-01  1.190e+01
 4.200e+02  2.000e-01  2.970e+00
 4.200e+02  3.000e-01  1.320e+00
 4.200e+02  4.000e-01  7.430e-01
 4.200e+02  5.000e-01  4.760e-01
 4.200e+02  6.000e-01  3.300e-01
 4.200e+02  7.000e-01  2.430e-01
 4.200e+02  8.000e-01  1.860e-01
 4.200e+02  9.000e-01  1.470e-01
 4.200e+02  1.000e+00  1.190e-01
 4.200e+02  2.000e+00  2.980e-02
 4.200e+02  3.000e+00  1.350e-02
 4.200e+02  4.000e+00  7.860e-03
 4.200e+02  5.000e+00  5.430e-03
 4.200e+02  6.000e+00  4.280e-03
 4.200e+02  7.000e+00  3.750e-03
 4.200e+02  8.000e+00  3.590e-03
 4.200e+02  9.000e+00  3.660e-03
 4.200e+02  1.000e+01  3.890e-03
 4.200e+02  1.100e+01  4.260e-03
 4.200e+02  1.200e+01  4.720e-03
 4.200e+02  1.300e+01  5.270e-03
 4.200e+02  1.400e+01  5.910e-03
 4.200e+02  1.500e+01  6.610e-03
 4.200e+02  1.600e+01  7.390e-03
 4.200e+02  1.700e+01  8.230e-03
 4.200e+02  1.800e+01  9.130e-03
 4.200e+02  1.900e+01  1.010e-02
 4.200e+02  2.000e+01  1.110e-02
 4.200e+02  2.500e+01  1.710e-02
 4.200e+02  3.000e+01  2.450e-02
 4.200e+02  3.500e+01  3.320e-02
 4.200e+02  4.000e+01  4.340e-02
 4.200e+02  4.500e+01  5.480e-02
 4.200e+02  5.000e+01  6.770e-02
 4.200e+02  5.500e+01  8.190e-02
 4.200e+02  6.000e+01  9.740e-02
 4.400e+02  1.000e-01  1.010e+01
 4.400e+02  2.000e-01  2.530e+00
 4.400e+02  3.000e-01  1.120e+00
 4.400e+02  4.000e-01  6.320e-01
 4.400e+02  5.000e-01  4.050e-01
 4.400e+02  6.000e-01  2.810e-01
 4.400e+02  7.000e-01  2.060e-01
 4.400e+02  8.000e-01  1.580e-01
 4.400e+02  9.000e-01  1.250e-01
 4.400e+02  1.000e+00  1.010e-01
 4.400e+02  2.000e+00  2.540e-02
 4.400e+02  3.000e+00  1.140e-02
 4.400e+02  4.000e+00  6.690e-03
 4.400e+02  5.000e+00  4.620e-03
 4.400e+02  6.000e+00  3.640e-03
 4.400e+02  7.000e+00  3.190e-03
 4.400e+02  8.000e+00  3.050e-03
 4.400e+02  9.000e+00  3.110e-03
 4.400e+02  1.000e+01  3.310e-03
 4.400e+02  1.100e+01  3.610e-03
 4.400e+02  1.200e+01  4.010e-03
 4.400e+02  1.300e+01  4.480e-03
 4.400e+02  1.400e+01  5.020e-03
 4.400e+02  1.500e+01  5.620e-03
 4.400e+02  1.600e+01  6.270e-03
 4.400e+02  1.700e+01  6.990e-03
 4.400e+02  1.800e+01  7.750e-03
 4.400e+02  1.900e+01  8.570e-03
 4.400e+02  2.000e+01  9.440e-03
 4.400e+02  2.500e+01  1.450e-02
 4.400e+02  3.000e+01  2.080e-02
 4.400e+02  3.500e+01  2.820e-02
 4.400e+02  4.000e+01  3.680e-02
 4.400e+02  4.500e+01  4.660e-02
 4.400e+02  5.000e+01  5.750e-02
 4.400e+02  5.500e+01  6.950e-02
 4.400e+02  6.000e+01  8.270e-02
 4.600e+02  1.000e-01  8.630e+00
 4.600e+02  2.000e-01  2.160e+00
 4.600e+02  3.000e-01  9.590e-01
 4.600e+02  4.000e-01  5.390e-01
 4.600e+02  5.000e-01  3.450e-01
 4.600e+02  6.000e-01  2.400e-01
 4.600e+02  7.000e-01  1.760e-01
 4.600e+02  8.000e-01  1.350e-01
 4.600e+02  9.000e-01  1.070e-01
 4.600e+02  1.000e+00  8.630e-02
 4.600e+02  2.000e+00  2.170e-02
 4.600e+02  3.000e+00  9.770e-03
 4.600e+02  4.000e+00  5.710e-03
 4.600e+02  5.000e+00  3.940e-03
 4.600e+02  6.000e+00  3.100e-03
 4.600e+02  7.000e+00  2.720e-03
 4.600e+02  8.000e+00  2.600e-03
 4.600e+02  9.000e+00  2.650e-03
 4.600e+02  1.000e+01  2.820e-03
 4.600e+02  1.100e+01  3.080e-03
 4.600e+02  1.200e+01  3.420e-03
 4.600e+02  1.300e+01  3.820e-03
 4.600e+02  1.400e+01  4.270e-03
 4.600e+02  1.500e+01  4.780e-03
 4.600e+02  1.600e+01  5.340e-03
 4.600e+02  1.700e+01  5.950e-03
 4.600e+02  1.800e+01  6.600e-03
 4.600e+02  1.900e+01  7.300e-03
 4.600e+02  2.000e+01  8.040e-03
 4.600e+02  2.500e+01  1.240e-02
 4.600e+02  3.000e+01  1.770e-02
 4.600e+02  3.500e+01  2.400e-02
 4.600e+02  4.000e+01  3.140e-02
 4.600e+02  4.500e+01  3.970e-02
 4.600e+02  5.000e+01  4.890e-02
 4.600e+02  5.500e+01  5.920e-02
 4.600e+02  6.000e+01  7.040e-02
 4.800e+02  1.000e-01  7.380e+00
 4.800e+02  2.000e-01  1.850e+00
 4.800e+02  3.000e-01  8.200e-01
 4.800e+02  4.000e-01  4.620e-01
 4.800e+02  5.000e-01  2.950e-01
 4.800e+02  6.000e-01  2.050e-01
 4.800e+02  7.000e-01  1.510e-01
 4.800e+02  8.000e-01  1.150e-01
 4.800e+02  9.000e-01  9.120e-02
 4.800e+02  1.000e+00  7.390e-02
 4.800e+02  2.000e+00  1.850e-02
 4.800e+02  3.000e+00  8.350e-03
 4.800e+02  4.000e+00  4.880e-03
 4.800e+02  5.000e+00  3.370e-03
 4.800e+02  6.000e+00  2.650e-03
 4.800e+02  7.000e+00  2.330e-03
 4.800e+02  8.000e+00  2.220e-03
 4.800e+02  9.000e+00  2.260e-03
 4.800e+02  1.000e+01  2.410e-03
 4.800e+02  1.100e+01  2.630e-03
 4.800e+02  1.200e+01  2.920e-03
 4.800e+02  1.300e+01  3.260e-03
 4.800e+02  1.400e+01  3.650e-03
 4.800e+02  1.500e+01  4.090e-03
 4.800e+02  1.600e+01  4.570e-03
 4.800e+02  1.700e+01  5.080e-03
 4.800e+02  1.800e+01  5.640e-03
 4.800e+02  1.900e+01  6.240e-03
 4.800e+02  2.000e+01  6.870e-03
 4.800e+02  2.500e+01  1.060e-02
 4.800e+02  3.000e+01  1.510e-02
 4.800e+02  3.500e+01  2.050e-02
 4.800e+02  4.000e+01  2.680e-02
 4.800e+02  4.500e+01  3.390e-02
 4.800e+02  5.000e+01  4.180e-02
 4.800e+02  5.500e+01  5.060e-02
 4.800e+02  6.000e+01  6.020e-02
 5.000e+02  1.000e-01  6.330e+00
 5.000e+02  2.000e-01  1.580e+00
 5.000e+02  3.000e-01  7.040e-01
 5.000e+02  4.000e-01  3.960e-01
 5.000e+02  5.000e-01  2.530e-01
 5.000e+02  6.000e-01  1.760e-01
 5.000e+02  7.000e-01  1.290e-01
 5.000e+02  8.000e-01  9.900e-02
 5.000e+02  9.000e-01  7.820e-02
 5.000e+02  1.000e+00  6.340e-02
 5.000e+02  2.000e+00  1.590e-02
 5.000e+02  3.000e+00  7.170e-03
 5.000e+02  4.000e+00  4.190e-03
 5.000e+02  5.000e+00  2.890e-03
 5.000e+02  6.000e+00  2.270e-03
 5.000e+02  7.000e+00  1.990e-03
 5.000e+02  8.000e+00  1.910e-03
 5.000e+02  9.000e+00  1.940e-03
 5.000e+02  1.000e+01  2.060e-03
 5.000e+02  1.100e+01  2.250e-03
 5.000e+02  1.200e+01  2.500e-03
 5.000e+02  1.300e+01  2.790e-03
 5.000e+02  1.400e+01  3.130e-03
 5.000e+02  1.500e+01  3.500e-03
 5.000e+02  1.600e+01  3.910e-03
 5.000e+02  1.700e+01  4.350e-03
 5.000e+02  1.800e+01  4.830e-03
 5.000e+02  1.900e+01  5.340e-03
 5.000e+02  2.000e+01  5.880e-03
 5.000e+02  2.500e+01  9.040e-03
 5.000e+02  3.000e+01  1.290e-02
 5.000e+02  3.500e+01  1.760e-02
 5.000e+02  4.000e+01  2.290e-02
 5.000e+02  4.500e+01  2.900e-02
 5.000e+02  5.000e+01  3.580e-02
 5.000e+02  5.500e+01  4.330e-02
 5.000e+02  6.000e+01  5.150e-02
 5.200e+02  1.000e-01  5.450e+00
 5.200e+02  2.000e-01  1.360e+00
 5.200e+02  3.000e-01  6.050e-01
 5.200e+02  4.000e-01  3.400e-01
 5.200e+02  5.000e-01  2.180e-01
 5.200e+02  6.000e-01  1.510e-01
 5.200e+02  7.000e-01  1.110e-01
 5.200e+02  8.000e-01  8.510e-02
 5.200e+02  9.000e-01  6.730e-02
 5.200e+02  1.000e+00  5.450e-02
 5.200e+02  2.000e+00  1.370e-02
 5.200e+02  3.000e+00  6.160e-03
 5.200e+02  4.000e+00  3.600e-03
 5.200e+02  5.000e+00  2.490e-03
 5.200e+02  6.000e+00  1.960e-03
 5.200e+02  7.000e+00  1.710e-03
 5.200e+02  8.000e+00  1.640e-03
 5.200e+02  9.000e+00  1.670e-03
 5.200e+02  1.000e+01  1.770e-03
 5.200e+02  1.100e+01  1.940e-03
 5.200e+02  1.200e+01  2.150e-03
 5.200e+02  1.300e+01  2.400e-03
 5.200e+02  1.400e+01  2.690e-03
 5.200e+02  1.500e+01  3.010e-03
 5.200e+02  1.600e+01  3.360e-03
 5.200e+02  1.700e+01  3.740e-03
 5.200e+02  1.800e+01  4.150e-03
 5.200e+02  1.900e+01  4.590e-03
 5.200e+02  2.000e+01  5.050e-03
 5.200e+02  2.500e+01  7.770e-03
 5.200e+02  3.000e+01  1.110e-02
 5.200e+02  3.500e+01  1.510e-02
 5.200e+02  4.000e+01  1.970e-02
 5.200e+02  4.500e+01  2.490e-02
 5.200e+02  5.000e+01  3.070e-02
 5.200e+02  5.500e+01  3.720e-02
 5.200e+02  6.000e+01  4.420e-02
 5.400e+02  1.000e-01  4.700e+00
 5.400e+02  2.000e-01  1.170e+00
 5.400e+02  3.000e-01  5.220e-01
 5.400e+02  4.000e-01  2.940e-01
 5.400e+02  5.000e-01  1.880e-01
 5.400e+02  6.000e-01  1.300e-01
 5.400e+02  7.000e-01  9.580e-02
 5.400e+02  8.000e-01  7.340e-02
 5.400e+02  9.000e-01  5.800e-02
 5.400e+02  1.000e+00  4.700e-02
 5.400e+02  2.000e+00  1.180e-02
 5.400e+02  3.000e+00  5.310e-03
 5.400e+02  4.000e+00  3.100e-03
 5.400e+02  5.000e+00  2.140e-03
 5.400e+02  6.000e+00  1.690e-03
 5.400e+02  7.000e+00  1.480e-03
 5.400e+02  8.000e+00  1.410e-03
 5.400e+02  9.000e+00  1.440e-03
 5.400e+02  1.000e+01  1.530e-03
 5.400e+02  1.100e+01  1.670e-03
 5.400e+02  1.200e+01  1.850e-03
 5.400e+02  1.300e+01  2.070e-03
 5.400e+02  1.400e+01  2.310e-03
 5.400e+02  1.500e+01  2.590e-03
 5.400e+02  1.600e+01  2.890e-03
 5.400e+02  1.700e+01  3.220e-03
 5.400e+02  1.800e+01  3.570e-03
 5.400e+02  1.900e+01  3.950e-03
 5.400e+02  2.000e+01  4.350e-03
 5.400e+02  2.500e+01  6.690e-03
 5.400e+02  3.000e+01  9.570e-03
 5.400e+02  3.500e+01  1.300e-02
 5.400e+02  4.000e+01  1.700e-02
 5.400e+02  4.500e+01  2.140e-02
 5.400e+02  5.000e+01  2.650e-02
 5.400e+02  5.500e+01  3.200e-02
 5.400e+02  6.000e+01  3.810e-02
 5.600e+02  1.000e-01  4.060e+00
 5.600e+02  2.000e-01  1.010e+00
 5.600e+02  3.000e-01  4.510e-01
 5.600e+02  4.000e-01  2.540e-01
 5.600e+02  5.000e-01  1.620e-01
 5.600e+02  6.000e-01  1.130e-01
 5.600e+02  7.000e-01  8.280e-02
 5.600e+02  8.000e-01  6.340e-02
 5.600e+02  9.000e-01  5.010e-02
 5.600e+02  1.000e+00  4.060e-02
 5.600e+02  2.000e+00  1.020e-02
 5.600e+02  3.000e+00  4.590e-03
 5.600e+02  4.000e+00  2.680e-03
 5.600e+02  5.000e+00  1.850e-03
 5.600e+02  6.000e+00  1.460e-03
 5.600e+02  7.000e+00  1.280e-03
 5.600e+02  8.000e+00  1.220e-03
 5.600e+02  9.000e+00  1.240e-03
 5.600e+02  1.000e+01  1.320e-03
 5.600e+02  1.100e+01  1.440e-03
 5.600e+02  1.200e+01  1.600e-03
 5.600e+02  1.300e+01  1.780e-03
 5.600e+02  1.400e+01  2.000e-03
 5.600e+02  1.500e+01  2.230e-03
 5.600e+02  1.600e+01  2.490e-03
 5.600e+02  1.700e+01  2.780e-03
 5.600e+02  1.800e+01  3.080e-03
 5.600e+02  1.900e+01  3.410e-03
 5.600e+02  2.000e+01  3.750e-03
 5.600e+02  2.500e+01  5.770e-03
 5.600e+02  3.000e+01  8.260e-03
 5.600e+02  3.500e+01  1.120e-02
 5.600e+02  4.000e+01  1.460e-02
 5.600e+02  4.500e+01  1.850e-02
 5.600e+02  5.000e+01  2.280e-02
 5.600e+02  5.500e+01  2.760e-02
 5.600e+02  6.000e+01  3.290e-02
 5.800e+02  1.000e-01  3.510e+00
 5.800e+02  2.000e-01  8.790e-01
 5.800e+02  3.000e-01  3.900e-01
 5.800e+02  4.000e-01  2.200e-01
 5.800e+02  5.000e-01  1.410e-01
 5.800e+02  6.000e-01  9.760e-02
 5.800e+02  7.000e-01  7.170e-02
 5.800e+02  8.000e-01  5.490e-02
 5.800e+02  9.000e-01  4.340e-02
 5.800e+02  1.000e+00  3.510e-02
 5.800e+02  2.000e+00  8.820e-03
 5.800e+02  3.000e+00  3.980e-03
 5.800e+02  4.000e+00  2.320e-03
 5.800e+02  5.000e+00  1.600e-03
 5.800e+02  6.000e+00  1.260e-03
 5.800e+02  7.000e+00  1.100e-03
 5.800e+02  8.000e+00  1.050e-03
 5.800e+02  9.000e+00  1.070e-03
 5.800e+02  1.000e+01  1.140e-03
 5.800e+02  1.100e+01  1.250e-03
 5.800e+02  1.200e+01  1.380e-03
 5.800e+02  1.300e+01  1.540e-03
 5.800e+02  1.400e+01  1.730e-03
 5.800e+02  1.500e+01  1.930e-03
 5.800e+02  1.600e+01  2.160e-03
 5.800e+02  1.700e+01  2.400e-03
 5.800e+02  1.800e+01  2.670e-03
 5.800e+02  1.900e+01  2.950e-03
 5.800e+02  2.000e+01  3.240e-03
 5.800e+02  2.500e+01  4.990e-03
 5.800e+02  3.000e+01  7.140e-03
 5.800e+02  3.500e+01  9.700e-03
 5.800e+02  4.000e+01  1.260e-02
 5.800e+02  4.500e+01  1.600e-02
 5.800e+02  5.000e+01  1.970e-02
 5.800e+02  5.500e+01  2.390e-02
 5.800e+02  6.000e+01  2.840e-02
 6.000e+02  1.000e-01  3.050e+00
 6.000e+02  2.000e-01  7.620e-01
 6.000e+02  3.000e-01  3.390e-01
 6.000e+02  4.000e-01  1.910e-01
 6.000e+02  5.000e-01  1.220e-01
 6.000e+02  6.000e-01  8.470e-02
 6.000e+02  7.000e-01  6.220e-02
 6.000e+02  8.000e-01  4.770e-02
 6.000e+02  9.000e-01  3.770e-02
 6.000e+02  1.000e+00  3.050e-02
 6.000e+02  2.000e+00  7.650e-03
 6.000e+02  3.000e+00  3.450e-03
 6.000e+02  4.000e+00  2.020e-03
 6.000e+02  5.000e+00  1.390e-03
 6.000e+02  6.000e+00  1.090e-03
 6.000e+02  7.000e+00  9.580e-04
 6.000e+02  8.000e+00  9.140e-04
 6.000e+02  9.000e+00  9.310e-04
 6.000e+02  1.000e+01  9.890e-04
 6.000e+02  1.100e+01  1.080e-03
 6.000e+02  1.200e+01  1.200e-03
 6.000e+02  1.300e+01  1.340e-03
 6.000e+02  1.400e+01  1.500e-03
 6.000e+02  1.500e+01  1.670e-03
 6.000e+02  1.600e+01  1.870e-03
 6.000e+02  1.700e+01  2.080e-03
 6.000e+02  1.800e+01  2.310e-03
 6.000e+02  1.900e+01  2.550e-03
 6.000e+02  2.000e+01  2.810e-03
 6.000e+02  2.500e+01  4.320e-03
 6.000e+02  3.000e+01  6.190e-03
 6.000e+02  3.500e+01  8.400e-03
 6.000e+02  4.000e+01  1.100e-02
 6.000e+02  4.500e+01  1.390e-02
 6.000e+02  5.000e+01  1.710e-02
 6.000e+02  5.500e+01  2.070e-02
 6.000e+02  6.000e+01  2.460e-02
 6.200e+02  1.000e-01  2.650e+00
 6.200e+02  2.000e-01  6.630e-01
 6.200e+02  3.000e-01  2.950e-01
 6.200e+02  4.000e-01  1.660e-01
 6.200e+02  5.000e-01  1.060e-01
 6.200e+02  6.000e-01  7.360e-02
 6.200e+02  7.000e-01  5.410e-02
 6.200e+02  8.000e-01  4.140e-02
 6.200e+02  9.000e-01  3.270e-02
 6.200e+02  1.000e+00  2.650e-02
 6.200e+02  2.000e+00  6.650e-03
 6.200e+02  3.000e+00  3.000e-03
 6.200e+02  4.000e+00  1.750e-03
 6.200e+02  5.000e+00  1.210e-03
 6.200e+02  6.000e+00  9.500e-04
 6.200e+02  7.000e+00  8.320e-04
 6.200e+02  8.000e+00  7.940e-04
 6.200e+02  9.000e+00  8.080e-04
 6.200e+02  1.000e+01  8.590e-04
 6.200e+02  1.100e+01  9.380e-04
 6.200e+02  1.200e+01  1.040e-03
 6.200e+02  1.300e+01  1.160e-03
 6.200e+02  1.400e+01  1.300e-03
 6.200e+02  1.500e+01  1.450e-03
 6.200e+02  1.600e+01  1.620e-03
 6.200e+02  1.700e+01  1.810e-03
 6.200e+02  1.800e+01  2.010e-03
 6.200e+02  1.900e+01  2.220e-03
 6.200e+02  2.000e+01  2.440e-03
 6.200e+02  2.500e+01  3.750e-03
 6.200e+02  3.000e+01  5.370e-03
 6.200e+02  3.500e+01  7.300e-03
 6.200e+02  4.000e+01  9.520e-03
 6.200e+02  4.500e+01  1.200e-02
 6.200e+02  5.000e+01  1.490e-02
 6.200e+02  5.500e+01  1.800e-02
 6.200e+02  6.000e+01  2.140e-02
 6.400e+02  1.000e-01  2.310e+00
 6.400e+02  2.000e-01  5.770e-01
 6.400e+02  3.000e-01  2.570e-01
 6.400e+02  4.000e-01  1.440e-01
 6.400e+02  5.000e-01  9.240e-02
 6.400e+02  6.000e-01  6.420e-02
 6.400e+02  7.000e-01  4.710e-02
 6.400e+02  8.000e-01  3.610e-02
 6.400e+02  9.000e-01  2.850e-02
 6.400e+02  1.000e+00  2.310e-02
 6.400e+02  2.000e+00  5.800e-03
 6.400e+02  3.000e+00  2.610e-03
 6.400e+02  4.000e+00  1.530e-03
 6.400e+02  5.000e+00  1.050e-03
 6.400e+02  6.000e+00  8.280e-04
 6.400e+02  7.000e+00  7.250e-04
 6.400e+02  8.000e+00  6.920e-04
 6.400e+02  9.000e+00  7.040e-04
 6.400e+02  1.000e+01  7.480e-04
 6.400e+02  1.100e+01  8.160e-04
 6.400e+02  1.200e+01  9.050e-04
 6.400e+02  1.300e+01  1.010e-03
 6.400e+02  1.400e+01  1.130e-03
 6.400e+02  1.500e+01  1.270e-03
 6.400e+02  1.600e+01  1.410e-03
 6.400e+02  1.700e+01  1.570e-03
 6.400e+02  1.800e+01  1.750e-03
 6.400e+02  1.900e+01  1.930e-03
 6.400e+02  2.000e+01  2.120e-03
 6.400e+02  2.500e+01  3.270e-03
 6.400e+02  3.000e+01  4.680e-03
 6.400e+02  3.500e+01  6.350e-03
 6.400e+02  4.000e+01  8.280e-03
 6.400e+02  4.500e+01  1.050e-02
 6.400e+02  5.000e+01  1.290e-02
 6.400e+02  5.500e+01  1.560e-02
 6.400e+02  6.000e+01  1.860e-02
 6.600e+02  1.000e-01  2.020e+00
 6.600e+02  2.000e-01  5.040e-01
 6.600e+02  3.000e-01  2.240e-01
 6.600e+02  4.000e-01  1.260e-01
 6.600e+02  5.000e-01  8.070e-02
 6.600e+02  6.000e-01  5.600e-02
 6.600e+02  7.000e-01  4.120e-02
 6.600e+02  8.000e-01  3.150e-02
 6.600e+02  9.000e-01  2.490e-02
 6.600e+02  1.000e+00  2.020e-02
 6.600e+02  2.000e+00  5.060e-03
 6.600e+02  3.000e+00  2.280e-03
 6.600e+02  4.000e+00  1.330e-03
 6.600e+02  5.000e+00  9.190e-04
 6.600e+02  6.000e+00  7.220e-04
 6.600e+02  7.000e+00  6.320e-04
 6.600e+02  8.000e+00  6.030e-04
 6.600e+02  9.000e+00  6.140e-04
 6.600e+02  1.000e+01  6.520e-04
 6.600e+02  1.100e+01  7.120e-04
 6.600e+02  1.200e+01  7.890e-04
 6.600e+02  1.300e+01  8.810e-04
 6.600e+02  1.400e+01  9.860e-04
 6.600e+02  1.500e+01  1.100e-03
 6.600e+02  1.600e+01  1.230e-03
 6.600e+02  1.700e+01  1.370e-03
 6.600e+02  1.800e+01  1.520e-03
 6.600e+02  1.900e+01  1.680e-03
 6.600e+02  2.000e+01  1.850e-03
 6.600e+02  2.500e+01  2.850e-03
 6.600e+02  3.000e+01  4.080e-03
 6.600e+02  3.500e+01  5.540e-03
 6.600e+02  4.000e+01  7.220e-03
 6.600e+02  4.500e+01  9.130e-03
 6.600e+02  5.000e+01  1.130e-02
 6.600e+02  5.500e+01  1.360e-02
 6.600e+02  6.000e+01  1.620e-02
 6.800e+02  1.000e-01  1.760e+00
 6.800e+02  2.000e-01  4.410e-01
 6.800e+02  3.000e-01  1.960e-01
 6.800e+02  4.000e-01  1.100e-01
 6.800e+02  5.000e-01  7.050e-02
 6.800e+02  6.000e-01  4.900e-02
 6.800e+02  7.000e-01  3.600e-02
 6.800e+02  8.000e-01  2.760e-02
 6.800e+02  9.000e-01  2.180e-02
 6.800e+02  1.000e+00  1.760e-02
 6.800e+02  2.000e+00  4.420e-03
 6.800e+02  3.000e+00  1.990e-03
 6.800e+02  4.000e+00  1.170e-03
 6.800e+02  5.000e+00  8.040e-04
 6.800e+02  6.000e+00  6.310e-04
 6.800e+02  7.000e+00  5.530e-04
 6.800e+02  8.000e+00  5.270e-04
 6.800e+02  9.000e+00  5.360e-04
 6.800e+02  1.000e+01  5.700e-04
 6.800e+02  1.100e+01  6.220e-04
 6.800e+02  1.200e+01  6.890e-04
 6.800e+02  1.300e+01  7.690e-04
 6.800e+02  1.400e+01  8.610e-04
 6.800e+02  1.500e+01  9.640e-04
 6.800e+02  1.600e+01  1.080e-03
 6.800e+02  1.700e+01  1.200e-03
 6.800e+02  1.800e+01  1.330e-03
 6.800e+02  1.900e+01  1.470e-03
 6.800e+02  2.000e+01  1.620e-03
 6.800e+02  2.500e+01  2.490e-03
 6.800e+02  3.000e+01  3.560e-03
 6.800e+02  3.500e+01  4.840e-03
 6.800e+02  4.000e+01  6.310e-03
 6.800e+02  4.500e+01  7.980e-03
 6.800e+02  5.000e+01  9.850e-03
 6.800e+02  5.500e+01  1.190e-02
 6.800e+02  6.000e+01  1.420e-02
 7.000e+02  1.000e-01  1.540e+00
 7.000e+02  2.000e-01  3.860e-01
 7.000e+02  3.000e-01  1.720e-01
 7.000e+02  4.000e-01  9.650e-02
 7.000e+02  5.000e-01  6.180e-02
 7.000e+02  6.000e-01  4.290e-02
 7.000e+02  7.000e-01  3.150e-02
 7.000e+02  8.000e-01  2.410e-02
 7.000e+02  9.000e-01  1.910e-02
 7.000e+02  1.000e+00  1.550e-02
 7.000e+02  2.000e+00  3.880e-03
 7.000e+02  3.000e+00  1.750e-03
 7.000e+02  4.000e+00  1.020e-03
 7.000e+02  5.000e+00  7.040e-04
 7.000e+02  6.000e+00  5.530e-04
 7.000e+02  7.000e+00  4.840e-04
 7.000e+02  8.000e+00  4.620e-04
 7.000e+02  9.000e+00  4.700e-04
 7.000e+02  1.000e+01  4.990e-04
 7.000e+02  1.100e+01  5.440e-04
 7.000e+02  1.200e+01  6.030e-04
 7.000e+02  1.300e+01  6.730e-04
 7.000e+02  1.400e+01  7.540e-04
 7.000e+02  1.500e+01  8.440e-04
 7.000e+02  1.600e+01  9.420e-04
 7.000e+02  1.700e+01  1.050e-03
 7.000e+02  1.800e+01  1.160e-03
 7.000e+02  1.900e+01  1.290e-03
 7.000e+02  2.000e+01  1.420e-03
 7.000e+02  2.500e+01  2.180e-03
 7.000e+02  3.000e+01  3.120e-03
 7.000e+02  3.500e+01  4.230e-03
 7.000e+02  4.000e+01  5.520e-03
 7.000e+02  4.500e+01  6.980e-03
 7.000e+02  5.000e+01  8.620e-03
 7.000e+02  5.500e+01  1.040e-02
 7.000e+02  6.000e+01  1.240e-02
 7.200e+02  1.000e-01  1.360e+00
 7.200e+02  2.000e-01  3.390e-01
 7.200e+02  3.000e-01  1.510e-01
 7.200e+02  4.000e-01  8.470e-02
 7.200e+02  5.000e-01  5.420e-02
 7.200e+02  6.000e-01  3.770e-02
 7.200e+02  7.000e-01  2.770e-02
 7.200e+02  8.000e-01  2.120e-02
 7.200e+02  9.000e-01  1.670e-02
 7.200e+02  1.000e+00  1.360e-02
 7.200e+02  2.000e+00  3.400e-03
 7.200e+02  3.000e+00  1.530e-03
 7.200e+02  4.000e+00  8.950e-04
 7.200e+02  5.000e+00  6.180e-04
 7.200e+02  6.000e+00  4.850e-04
 7.200e+02  7.000e+00  4.250e-04
 7.200e+02  8.000e+00  4.050e-04
 7.200e+02  9.000e+00  4.120e-04
 7.200e+02  1.000e+01  4.370e-04
 7.200e+02  1.100e+01  4.770e-04
 7.200e+02  1.200e+01  5.290e-04
 7.200e+02  1.300e+01  5.900e-04
 7.200e+02  1.400e+01  6.610e-04
 7.200e+02  1.500e+01  7.400e-04
 7.200e+02  1.600e+01  8.260e-04
 7.200e+02  1.700e+01  9.190e-04
 7.200e+02  1.800e+01  1.020e-03
 7.200e+02  1.900e+01  1.130e-03
 7.200e+02  2.000e+01  1.240e-03
 7.200e+02  2.500e+01  1.910e-03
 7.200e+02  3.000e+01  2.730e-03
 7.200e+02  3.500e+01  3.710e-03
 7.200e+02  4.000e+01  4.840e-03
 7.200e+02  4.500e+01  6.120e-03
 7.200e+02  5.000e+01  7.550e-03
 7.200e+02  5.500e+01  9.140e-03
 7.200e+02  6.000e+01  1.090e-02
 7.400e+02  1.000e-01  1.190e+00
 7.400e+02  2.000e-01  2.980e-01
 7.400e+02  3.000e-01  1.320e-01
 7.400e+02  4.000e-01  7.450e-02
 7.400e+02  5.000e-01  4.770e-02
 7.400e+02  6.000e-01  3.310e-02
 7.400e+02  7.000e-01  2.430e-02
 7.400e+02  8.000e-01  1.860e-02
 7.400e+02  9.000e-01  1.470e-02
 7.400e+02  1.000e+00  1.190e-02
 7.400e+02  2.000e+00  2.990e-03
 7.400e+02  3.000e+00  1.350e-03
 7.400e+02  4.000e+00  7.870e-04
 7.400e+02  5.000e+00  5.430e-04
 7.400e+02  6.000e+00  4.260e-04
 7.400e+02  7.000e+00  3.730e-04
 7.400e+02  8.000e+00  3.560e-04
 7.400e+02  9.000e+00  3.620e-04
 7.400e+02  1.000e+01  3.840e-04
 7.400e+02  1.100e+01  4.190e-04
 7.400e+02  1.200e+01  4.640e-04
 7.400e+02  1.300e+01  5.180e-04
 7.400e+02  1.400e+01  5.800e-04
 7.400e+02  1.500e+01  6.490e-04
 7.400e+02  1.600e+01  7.250e-04
 7.400e+02  1.700e+01  8.070e-04
 7.400e+02  1.800e+01  8.960e-04
 7.400e+02  1.900e+01  9.900e-04
 7.400e+02  2.000e+01  1.090e-03
 7.400e+02  2.500e+01  1.680e-03
 7.400e+02  3.000e+01  2.400e-03
 7.400e+02  3.500e+01  3.260e-03
 7.400e+02  4.000e+01  4.250e-03
 7.400e+02  4.500e+01  5.370e-03
 7.400e+02  5.000e+01  6.630e-03
 7.400e+02  5.500e+01  8.020e-03
 7.400e+02  6.000e+01  9.550e-03
 7.600e+02  1.000e-01  1.050e+00
 7.600e+02  2.000e-01  2.620e-01
 7.600e+02  3.000e-01  1.170e-01
 7.600e+02  4.000e-01  6.550e-02
 7.600e+02  5.000e-01  4.190e-02
 7.600e+02  6.000e-01  2.910e-02
 7.600e+02  7.000e-01  2.140e-02
 7.600e+02  8.000e-01  1.640e-02
 7.600e+02  9.000e-01  1.290e-02
 7.600e+02  1.000e+00  1.050e-02
 7.600e+02  2.000e+00  2.630e-03
 7.600e+02  3.000e+00  1.190e-03
 7.600e+02  4.000e+00  6.930e-04
 7.600e+02  5.000e+00  4.780e-04
 7.600e+02  6.000e+00  3.750e-04
 7.600e+02  7.000e+00  3.280e-04
 7.600e+02  8.000e+00  3.130e-04
 7.600e+02  9.000e+00  3.180e-04
 7.600e+02  1.000e+01  3.380e-04
 7.600e+02  1.100e+01  3.690e-04
 7.600e+02  1.200e+01  4.090e-04
 7.600e+02  1.300e+01  4.560e-04
 7.600e+02  1.400e+01  5.100e-04
 7.600e+02  1.500e+01  5.710e-04
 7.600e+02  1.600e+01  6.380e-04
 7.600e+02  1.700e+01  7.100e-04
 7.600e+02  1.800e+01  7.880e-04
 7.600e+02  1.900e+01  8.710e-04
 7.600e+02  2.000e+01  9.590e-04
 7.600e+02  2.500e+01  1.470e-03
 7.600e+02  3.000e+01  2.110e-03
 7.600e+02  3.500e+01  2.860e-03
 7.600e+02  4.000e+01  3.740e-03
 7.600e+02  4.500e+01  4.730e-03
 7.600e+02  5.000e+01  5.830e-03
 7.600e+02  5.500e+01  7.060e-03
 7.600e+02  6.000e+01  8.390e-03
 7.800e+02  1.000e-01  9.250e-01
 7.800e+02  2.000e-01  2.310e-01
 7.800e+02  3.000e-01  1.030e-01
 7.800e+02  4.000e-01  5.780e-02
 7.800e+02  5.000e-01  3.700e-02
 7.800e+02  6.000e-01  2.570e-02
 7.800e+02  7.000e-01  1.890e-02
 7.800e+02  8.000e-01  1.440e-02
 7.800e+02  9.000e-01  1.140e-02
 7.800e+02  1.000e+00  9.250e-03
 7.800e+02  2.000e+00  2.320e-03
 7.800e+02  3.000e+00  1.050e-03
 7.800e+02  4.000e+00  6.110e-04
 7.800e+02  5.000e+00  4.210e-04
 7.800e+02  6.000e+00  3.310e-04
 7.800e+02  7.000e+00  2.890e-04
 7.800e+02  8.000e+00  2.760e-04
 7.800e+02  9.000e+00  2.800e-04
 7.800e+02  1.000e+01  2.980e-04
 7.800e+02  1.100e+01  3.250e-04
 7.800e+02  1.200e+01  3.600e-04
 7.800e+02  1.300e+01  4.020e-04
 7.800e+02  1.400e+01  4.500e-04
 7.800e+02  1.500e+01  5.030e-04
 7.800e+02  1.600e+01  5.620e-04
 7.800e+02  1.700e+01  6.250e-04
 7.800e+02  1.800e+01  6.940e-04
 7.800e+02  1.900e+01  7.670e-04
 7.800e+02  2.000e+01  8.440e-04
 7.800e+02  2.500e+01  1.300e-03
 7.800e+02  3.000e+01  1.860e-03
 7.800e+02  3.500e+01  2.520e-03
 7.800e+02  4.000e+01  3.290e-03
 7.800e+02  4.500e+01  4.160e-03
 7.800e+02  5.000e+01  5.140e-03
 7.800e+02  5.500e+01  6.210e-03
 7.800e+02  6.000e+01  7.390e-03
 8.000e+02  1.000e-01  8.160e-01
 8.000e+02  2.000e-01  2.040e-01
 8.000e+02  3.000e-01  9.070e-02
 8.000e+02  4.000e-01  5.100e-02
 8.000e+02  5.000e-01  3.270e-02
 8.000e+02  6.000e-01  2.270e-02
 8.000e+02  7.000e-01  1.670e-02
 8.000e+02  8.000e-01  1.280e-02
 8.000e+02  9.000e-01  1.010e-02
 8.000e+02  1.000e+00  8.170e-03
 8.000e+02  2.000e+00  2.050e-03
 8.000e+02  3.000e+00  9.230e-04
 8.000e+02  4.000e+00  5.390e-04
 8.000e+02  5.000e+00  3.720e-04
 8.000e+02  6.000e+00  2.920e-04
 8.000e+02  7.000e+00  2.550e-04
 8.000e+02  8.000e+00  2.430e-04
 8.000e+02  9.000e+00  2.470e-04
 8.000e+02  1.000e+01  2.630e-04
 8.000e+02  1.100e+01  2.870e-04
 8.000e+02  1.200e+01  3.170e-04
 8.000e+02  1.300e+01  3.540e-04
 8.000e+02  1.400e+01  3.970e-04
 8.000e+02  1.500e+01  4.440e-04
 8.000e+02  1.600e+01  4.960e-04
 8.000e+02  1.700e+01  5.520e-04
 8.000e+02  1.800e+01  6.120e-04
 8.000e+02  1.900e+01  6.760e-04
 8.000e+02  2.000e+01  7.450e-04
 8.000e+02  2.500e+01  1.150e-03
 8.000e+02  3.000e+01  1.640e-03
 8.000e+02  3.500e+01  2.230e-03
 8.000e+02  4.000e+01  2.900e-03
 8.000e+02  4.500e+01  3.670e-03
 8.000e+02  5.000e+01  4.530e-03
 8.000e+02  5.500e+01  5.480e-03
 8.000e+02  6.000e+01  6.520e-03
 8.200e+02  1.000e-01  7.220e-01
 8.200e+02  2.000e-01  1.800e-01
 8.200e+02  3.000e-01  8.020e-02
 8.200e+02  4.000e-01  4.510e-02
 8.200e+02  5.000e-01  2.890e-02
 8.200e+02  6.000e-01  2.000e-02
 8.200e+02  7.000e-01  1.470e-02
 8.200e+02  8.000e-01  1.130e-02
 8.200e+02  9.000e-01  8.910e-03
 8.200e+02  1.000e+00  7.220e-03
 8.200e+02  2.000e+00  1.810e-03
 8.200e+02  3.000e+00  8.160e-04
 8.200e+02  4.000e+00  4.770e-04
 8.200e+02  5.000e+00  3.290e-04
 8.200e+02  6.000e+00  2.580e-04
 8.200e+02  7.000e+00  2.260e-04
 8.200e+02  8.000e+00  2.150e-04
 8.200e+02  9.000e+00  2.190e-04
 8.200e+02  1.000e+01  2.320e-04
 8.200e+02  1.100e+01  2.530e-04
 8.200e+02  1.200e+01  2.810e-04
 8.200e+02  1.300e+01  3.130e-04
 8.200e+02  1.400e+01  3.500e-04
 8.200e+02  1.500e+01  3.920e-04
 8.200e+02  1.600e+01  4.380e-04
 8.200e+02  1.700e+01  4.870e-04
 8.200e+02  1.800e+01  5.410e-04
 8.200e+02  1.900e+01  5.980e-04
 8.200e+02  2.000e+01  6.580e-04
 8.200e+02  2.500e+01  1.010e-03
 8.200e+02  3.000e+01  1.450e-03
 8.200e+02  3.500e+01  1.970e-03
 8.200e+02  4.000e+01  2.560e-03
 8.200e+02  4.500e+01  3.240e-03
 8.200e+02  5.000e+01  4.000e-03
 8.200e+02  5.500e+01  4.840e-03
 8.200e+02  6.000e+01  5.760e-03
 8.400e+02  1.000e-01  6.390e-01
 8.400e+02  2.000e-01  1.600e-01
 8.400e+02  3.000e-01  7.100e-02
 8.400e+02  4.000e-01  3.990e-02
 8.400e+02  5.000e-01  2.560e-02
 8.400e+02  6.000e-01  1.770e-02
 8.400e+02  7.000e-01  1.300e-02
 8.400e+02  8.000e-01  9.980e-03
 8.400e+02  9.000e-01  7.890e-03
 8.400e+02  1.000e+00  6.390e-03
 8.400e+02  2.000e+00  1.600e-03
 8.400e+02  3.000e+00  7.230e-04
 8.400e+02  4.000e+00  4.220e-04
 8.400e+02  5.000e+00  2.910e-04
 8.400e+02  6.000e+00  2.280e-04
 8.400e+02  7.000e+00  2.000e-04
 8.400e+02  8.000e+00  1.900e-04
 8.400e+02  9.000e+00  1.940e-04
 8.400e+02  1.000e+01  2.050e-04
 8.400e+02  1.100e+01  2.240e-04
 8.400e+02  1.200e+01  2.480e-04
 8.400e+02  1.300e+01  2.770e-04
 8.400e+02  1.400e+01  3.100e-04
 8.400e+02  1.500e+01  3.470e-04
 8.400e+02  1.600e+01  3.870e-04
 8.400e+02  1.700e+01  4.310e-04
 8.400e+02  1.800e+01  4.780e-04
 8.400e+02  1.900e+01  5.290e-04
 8.400e+02  2.000e+01  5.820e-04
 8.400e+02  2.500e+01  8.950e-04
 8.400e+02  3.000e+01  1.280e-03
 8.400e+02  3.500e+01  1.740e-03
 8.400e+02  4.000e+01  2.270e-03
 8.400e+02  4.500e+01  2.870e-03
 8.400e+02  5.000e+01  3.540e-03
 8.400e+02  5.500e+01  4.280e-03
 8.400e+02  6.000e+01  5.100e-03
 8.600e+02  1.000e-01  5.660e-01
 8.600e+02  2.000e-01  1.420e-01
 8.600e+02  3.000e-01  6.290e-02
 8.600e+02  4.000e-01  3.540e-02
 8.600e+02  5.000e-01  2.270e-02
 8.600e+02  6.000e-01  1.570e-02
 8.600e+02  7.000e-01  1.160e-02
 8.600e+02  8.000e-01  8.850e-03
 8.600e+02  9.000e-01  6.990e-03
 8.600e+02  1.000e+00  5.670e-03
 8.600e+02  2.000e+00  1.420e-03
 8.600e+02  3.000e+00  6.410e-04
 8.600e+02  4.000e+00  3.740e-04
 8.600e+02  5.000e+00  2.580e-04
 8.600e+02  6.000e+00  2.020e-04
 8.600e+02  7.000e+00  1.770e-04
 8.600e+02  8.000e+00  1.690e-04
 8.600e+02  9.000e+00  1.710e-04
 8.600e+02  1.000e+01  1.820e-04
 8.600e+02  1.100e+01  1.980e-04
 8.600e+02  1.200e+01  2.200e-04
 8.600e+02  1.300e+01  2.450e-04
 8.600e+02  1.400e+01  2.750e-04
 8.600e+02  1.500e+01  3.070e-04
 8.600e+02  1.600e+01  3.430e-04
 8.600e+02  1.700e+01  3.820e-04
 8.600e+02  1.800e+01  4.240e-04
 8.600e+02  1.900e+01  4.680e-04
 8.600e+02  2.000e+01  5.160e-04
 8.600e+02  2.500e+01  7.920e-04
 8.600e+02  3.000e+01  1.130e-03
 8.600e+02  3.500e+01  1.540e-03
 8.600e+02  4.000e+01  2.010e-03
 8.600e+02  4.500e+01  2.540e-03
 8.600e+02  5.000e+01  3.140e-03
 8.600e+02  5.500e+01  3.790e-03
 8.600e+02  6.000e+01  4.510e-03
 8.800e+02  1.000e-01  5.030e-01
 8.800e+02  2.000e-01  1.260e-01
 8.800e+02  3.000e-01  5.590e-02
 8.800e+02  4.000e-01  3.140e-02
 8.800e+02  5.000e-01  2.010e-02
 8.800e+02  6.000e-01  1.400e-02
 8.800e+02  7.000e-01  1.030e-02
 8.800e+02  8.000e-01  7.860e-03
 8.800e+02  9.000e-01  6.210e-03
 8.800e+02  1.000e+00  5.030e-03
 8.800e+02  2.000e+00  1.260e-03
 8.800e+02  3.000e+00  5.690e-04
 8.800e+02  4.000e+00  3.320e-04
 8.800e+02  5.000e+00  2.290e-04
 8.800e+02  6.000e+00  1.800e-04
 8.800e+02  7.000e+00  1.570e-04
 8.800e+02  8.000e+00  1.500e-04
 8.800e+02  9.000e+00  1.520e-04
 8.800e+02  1.000e+01  1.610e-04
 8.800e+02  1.100e+01  1.760e-04
 8.800e+02  1.200e+01  1.950e-04
 8.800e+02  1.300e+01  2.180e-04
 8.800e+02  1.400e+01  2.440e-04
 8.800e+02  1.500e+01  2.720e-04
 8.800e+02  1.600e+01  3.040e-04
 8.800e+02  1.700e+01  3.390e-04
 8.800e+02  1.800e+01  3.760e-04
 8.800e+02  1.900e+01  4.150e-04
 8.800e+02  2.000e+01  4.570e-04
 8.800e+02  2.500e+01  7.030e-04
 8.800e+02  3.000e+01  1.010e-03
 8.800e+02  3.500e+01  1.370e-03
 8.800e+02  4.000e+01  1.780e-03
 8.800e+02  4.500e+01  2.250e-03
 8.800e+02  5.000e+01  2.780e-03
 8.800e+02  5.500e+01  3.360e-03
 8.800e+02  6.000e+01  4.000e-03
 9.000e+02  1.000e-01  4.470e-01
 9.000e+02  2.000e-01  1.120e-01
 9.000e+02  3.000e-01  4.960e-02
 9.000e+02  4.000e-01  2.790e-02
 9.000e+02  5.000e-01  1.790e-02
 9.000e+02  6.000e-01  1.240e-02
 9.000e+02  7.000e-01  9.120e-03
 9.000e+02  8.000e-01  6.980e-03
 9.000e+02  9.000e-01  5.520e-03
 9.000e+02  1.000e+00  4.470e-03
 9.000e+02  2.000e+00  1.120e-03
 9.000e+02  3.000e+00  5.050e-04
 9.000e+02  4.000e+00  2.950e-04
 9.000e+02  5.000e+00  2.030e-04
 9.000e+02  6.000e+00  1.600e-04
 9.000e+02  7.000e+00  1.400e-04
 9.000e+02  8.000e+00  1.330e-04
 9.000e+02  9.000e+00  1.350e-04
 9.000e+02  1.000e+01  1.430e-04
 9.000e+02  1.100e+01  1.560e-04
 9.000e+02  1.200e+01  1.730e-04
 9.000e+02  1.300e+01  1.930e-04
 9.000e+02  1.400e+01  2.160e-04
 9.000e+02  1.500e+01  2.420e-04
 9.000e+02  1.600e+01  2.700e-04
 9.000e+02  1.700e+01  3.010e-04
 9.000e+02  1.800e+01  3.340e-04
 9.000e+02  1.900e+01  3.690e-04
 9.000e+02  2.000e+01  4.060e-04
 9.000e+02  2.500e+01  6.240e-04
 9.000e+02  3.000e+01  8.930e-04
 9.000e+02  3.500e+01  1.210e-03
 9.000e+02  4.000e+01  1.580e-03
 9.000e+02  4.500e+01  2.000e-03
 9.000e+02  5.000e+01  2.470e-03
 9.000e+02  5.500e+01  2.990e-03
 9.000e+02  6.000e+01  3.560e-03
 9.200e+02  1.000e-01  3.970e-01
 9.200e+02  2.000e-01  9.940e-02
 9.200e+02  3.000e-01  4.420e-02
 9.200e+02  4.000e-01  2.480e-02
 9.200e+02  5.000e-01  1.590e-02
 9.200e+02  6.000e-01  1.100e-02
 9.200e+02  7.000e-01  8.110e-03
 9.200e+02  8.000e-01  6.210e-03
 9.200e+02  9.000e-01  4.910e-03
 9.200e+02  1.000e+00  3.980e-03
 9.200e+02  2.000e+00  9.970e-04
 9.200e+02  3.000e+00  4.500e-04
 9.200e+02  4.000e+00  2.620e-04
 9.200e+02  5.000e+00  1.810e-04
 9.200e+02  6.000e+00  1.420e-04
 9.200e+02  7.000e+00  1.240e-04
 9.200e+02  8.000e+00  1.180e-04
 9.200e+02  9.000e+00  1.200e-04
 9.200e+02  1.000e+01  1.280e-04
 9.200e+02  1.100e+01  1.390e-04
 9.200e+02  1.200e+01  1.540e-04
 9.200e+02  1.300e+01  1.720e-04
 9.200e+02  1.400e+01  1.920e-04
 9.200e+02  1.500e+01  2.150e-04
 9.200e+02  1.600e+01  2.400e-04
 9.200e+02  1.700e+01  2.670e-04
 9.200e+02  1.800e+01  2.970e-04
 9.200e+02  1.900e+01  3.280e-04
 9.200e+02  2.000e+01  3.610e-04
 9.200e+02  2.500e+01  5.550e-04
 9.200e+02  3.000e+01  7.940e-04
 9.200e+02  3.500e+01  1.080e-03
 9.200e+02  4.000e+01  1.410e-03
 9.200e+02  4.500e+01  1.780e-03
 9.200e+02  5.000e+01  2.200e-03
 9.200e+02  5.500e+01  2.660e-03
 9.200e+02  6.000e+01  3.160e-03
 9.400e+02  1.000e-01  3.540e-01
 9.400e+02  2.000e-01  8.850e-02
 9.400e+02  3.000e-01  3.930e-02
 9.400e+02  4.000e-01  2.210e-02
 9.400e+02  5.000e-01  1.420e-02
 9.400e+02  6.000e-01  9.840e-03
 9.400e+02  7.000e-01  7.230e-03
 9.400e+02  8.000e-01  5.530e-03
 9.400e+02  9.000e-01  4.370e-03
 9.400e+02  1.000e+00  3.540e-03
 9.400e+02  2.000e+00  8.880e-04
 9.400e+02  3.000e+00  4.000e-04
 9.400e+02  4.000e+00  2.340e-04
 9.400e+02  5.000e+00  1.610e-04
 9.400e+02  6.000e+00  1.260e-04
 9.400e+02  7.000e+00  1.110e-04
 9.400e+02  8.000e+00  1.050e-04
 9.400e+02  9.000e+00  1.070e-04
 9.400e+02  1.000e+01  1.140e-04
 9.400e+02  1.100e+01  1.240e-04
 9.400e+02  1.200e+01  1.370e-04
 9.400e+02  1.300e+01  1.530e-04
 9.400e+02  1.400e+01  1.710e-04
 9.400e+02  1.500e+01  1.910e-04
 9.400e+02  1.600e+01  2.140e-04
 9.400e+02  1.700e+01  2.380e-04
 9.400e+02  1.800e+01  2.640e-04
 9.400e+02  1.900e+01  2.920e-04
 9.400e+02  2.000e+01  3.210e-04
 9.400e+02  2.500e+01  4.940e-04
 9.400e+02  3.000e+01  7.070e-04
 9.400e+02  3.500e+01  9.600e-04
 9.400e+02  4.000e+01  1.250e-03
 9.400e+02  4.500e+01  1.580e-03
 9.400e+02  5.000e+01  1.950e-03
 9.400e+02  5.500e+01  2.360e-03
 9.400e+02  6.000e+01  2.810e-03
 9.600e+02  1.000e-01  3.160e-01
 9.600e+02  2.000e-01  7.890e-02
 9.600e+02  3.000e-01  3.510e-02
 9.600e+02  4.000e-01  1.970e-02
 9.600e+02  5.000e-01  1.260e-02
 9.600e+02  6.000e-01  8.770e-03
 9.600e+02  7.000e-01  6.440e-03
 9.600e+02  8.000e-01  4.930e-03
 9.600e+02  9.000e-01  3.900e-03
 9.600e+02  1.000e+00  3.160e-03
 9.600e+02  2.000e+00  7.920e-04
 9.600e+02  3.000e+00  3.570e-04
 9.600e+02  4.000e+00  2.080e-04
 9.600e+02  5.000e+00  1.440e-04
 9.600e+02  6.000e+00  1.130e-04
 9.600e+02  7.000e+00  9.850e-05
 9.600e+02  8.000e+00  9.390e-05
 9.600e+02  9.000e+00  9.540e-05
 9.600e+02  1.000e+01  1.010e-04
 9.600e+02  1.100e+01  1.100e-04
 9.600e+02  1.200e+01  1.220e-04
 9.600e+02  1.300e+01  1.360e-04
 9.600e+02  1.400e+01  1.530e-04
 9.600e+02  1.500e+01  1.710e-04
 9.600e+02  1.600e+01  1.910e-04
 9.600e+02  1.700e+01  2.120e-04
 9.600e+02  1.800e+01  2.350e-04
 9.600e+02  1.900e+01  2.600e-04
 9.600e+02  2.000e+01  2.860e-04
 9.600e+02  2.500e+01  4.400e-04
 9.600e+02  3.000e+01  6.300e-04
 9.600e+02  3.500e+01  8.550e-04
 9.600e+02  4.000e+01  1.120e-03
 9.600e+02  4.500e+01  1.410e-03
 9.600e+02  5.000e+01  1.740e-03
 9.600e+02  5.500e+01  2.110e-03
 9.600e+02  6.000e+01  2.510e-03
 9.800e+02  1.000e-01  2.820e-01
 9.800e+02  2.000e-01  7.050e-02
 9.800e+02  3.000e-01  3.130e-02
 9.800e+02  4.000e-01  1.760e-02
 9.800e+02  5.000e-01  1.130e-02
 9.800e+02  6.000e-01  7.830e-03
 9.800e+02  7.000e-01  5.750e-03
 9.800e+02  8.000e-01  4.400e-03
 9.800e+02  9.000e-01  3.480e-03
 9.800e+02  1.000e+00  2.820e-03
 9.800e+02  2.000e+00  7.070e-04
 9.800e+02  3.000e+00  3.190e-04
 9.800e+02  4.000e+00  1.860e-04
 9.800e+02  5.000e+00  1.280e-04
 9.800e+02  6.000e+00  1.010e-04
 9.800e+02  7.000e+00  8.790e-05
 9.800e+02  8.000e+00  8.380e-05
 9.800e+02  9.000e+00  8.510e-05
 9.800e+02  1.000e+01  9.030e-05
 9.800e+02  1.100e+01  9.840e-05
 9.800e+02  1.200e+01  1.090e-04
 9.800e+02  1.300e+01  1.220e-04
 9.800e+02  1.400e+01  1.360e-04
 9.800e+02  1.500e+01  1.520e-04
 9.800e+02  1.600e+01  1.700e-04
 9.800e+02  1.700e+01  1.890e-04
 9.800e+02  1.800e+01  2.100e-04
 9.800e+02  1.900e+01  2.320e-04
 9.800e+02  2.000e+01  2.550e-04
 9.800e+02  2.500e+01  3.930e-04
 9.800e+02  3.000e+01  5.620e-04
 9.800e+02  3.500e+01  7.630e-04
 9.800e+02  4.000e+01  9.950e-04
 9.800e+02  4.500e+01  1.260e-03
 9.800e+02  5.000e+01  1.550e-03
 9.800e+02  5.500e+01  1.880e-03
 9.800e+02  6.000e+01  2.240e-03
 1.000e+03  1.000e-01  2.520e-01
 1.000e+03  2.000e-01  6.300e-02
 1.000e+03  3.000e-01  2.800e-02
 1.000e+03  4.000e-01  1.570e-02
 1.000e+03  5.000e-01  1.010e-02
 1.000e+03  6.000e-01  7.000e-03
 1.000e+03  7.000e-01  5.140e-03
 1.000e+03  8.000e-01  3.940e-03
 1.000e+03  9.000e-01  3.110e-03
 1.000e+03  1.000e+00  2.520e-03
 1.000e+03  2.000e+00  6.320e-04
 1.000e+03  3.000e+00  2.850e-04
 1.000e+03  4.000e+00  1.660e-04
 1.000e+03  5.000e+00  1.150e-04
 1.000e+03  6.000e+00  8.990e-05
 1.000e+03  7.000e+00  7.860e-05
 1.000e+03  8.000e+00  7.480e-05
 1.000e+03  9.000e+00  7.600e-05
 1.000e+03  1.000e+01  8.060e-05
 1.000e+03  1.100e+01  8.790e-05
 1.000e+03  1.200e+01  9.730e-05
 1.000e+03  1.300e+01  1.090e-04
 1.000e+03  1.400e+01  1.220e-04
 1.000e+03  1.500e+01  1.360e-04
 1.000e+03  1.600e+01  1.520e-04
 1.000e+03  1.700e+01  1.690e-04
 1.000e+03  1.800e+01  1.870e-04
 1.000e+03  1.900e+01  2.070e-04
 1.000e+03  2.000e+01  2.280e-04
 1.000e+03  2.500e+01  3.510e-04
 1.000e+03  3.000e+01  5.020e-04
 1.000e+03  3.500e+01  6.810e-04
 1.000e+03  4.000e+01  8.890e-04
 1.000e+03  4.500e+01  1.120e-03
 1.000e+03  5.000e+01  1.390e-03
 1.000e+03  5.500e+01  1.680e-03
 1.000e+03  6.000e+01  2.000e-03
 1.200e+03  1.000e-01  8.590e-02
 1.200e+03  2.000e-01  2.150e-02
 1.200e+03  3.000e-01  9.540e-03
 1.200e+03  4.000e-01  5.370e-03
 1.200e+03  5.000e-01  3.440e-03
 1.200e+03  6.000e-01  2.390e-03
 1.200e+03  7.000e-01  1.750e-03
 1.200e+03  8.000e-01  1.340e-03
 1.200e+03  9.000e-01  1.060e-03
 1.200e+03  1.000e+00  8.590e-04
 1.200e+03  2.000e+00  2.160e-04
 1.200e+03  3.000e+00  9.710e-05
 1.200e+03  4.000e+00  5.670e-05
 1.200e+03  5.000e+00  3.910e-05
 1.200e+03  6.000e+00  3.060e-05
 1.200e+03  7.000e+00  2.670e-05
 1.200e+03  8.000e+00  2.550e-05
 1.200e+03  9.000e+00  2.580e-05
 1.200e+03  1.000e+01  2.740e-05
 1.200e+03  1.100e+01  2.990e-05
 1.200e+03  1.200e+01  3.310e-05
 1.200e+03  1.300e+01  3.690e-05
 1.200e+03  1.400e+01  4.130e-05
 1.200e+03  1.500e+01  4.610e-05
 1.200e+03  1.600e+01  5.150e-05
 1.200e+03  1.700e+01  5.730e-05
 1.200e+03  1.800e+01  6.360e-05
 1.200e+03  1.900e+01  7.030e-05
 1.200e+03  2.000e+01  7.740e-05
 1.200e+03  2.500e+01  1.190e-04
 1.200e+03  3.000e+01  1.700e-04
 1.200e+03  3.500e+01  2.310e-04
 1.200e+03  4.000e+01  3.020e-04
 1.200e+03  4.500e+01  3.810e-04
 1.200e+03  5.000e+01  4.710e-04
 1.200e+03  5.500e+01  5.690e-04
 1.200e+03  6.000e+01  6.780e-04
 1.400e+03  1.000e-01  3.150e-02
 1.400e+03  2.000e-01  7.890e-03
 1.400e+03  3.000e-01  3.510e-03
 1.400e+03  4.000e-01  1.970e-03
 1.400e+03  5.000e-01  1.260e-03
 1.400e+03  6.000e-01  8.760e-04
 1.400e+03  7.000e-01  6.440e-04
 1.400e+03  8.000e-01  4.930e-04
 1.400e+03  9.000e-01  3.900e-04
 1.400e+03  1.000e+00  3.160e-04
 1.400e+03  2.000e+00  7.910e-05
 1.400e+03  3.000e+00  3.570e-05
 1.400e+03  4.000e+00  2.080e-05
 1.400e+03  5.000e+00  1.430e-05
 1.400e+03  6.000e+00  1.120e-05
 1.400e+03  7.000e+00  9.810e-06
 1.400e+03  8.000e+00  9.330e-06
 1.400e+03  9.000e+00  9.470e-06
 1.400e+03  1.000e+01  1.000e-05
 1.400e+03  1.100e+01  1.090e-05
 1.400e+03  1.200e+01  1.210e-05
 1.400e+03  1.300e+01  1.350e-05
 1.400e+03  1.400e+01  1.510e-05
 1.400e+03  1.500e+01  1.690e-05
 1.400e+03  1.600e+01  1.890e-05
 1.400e+03  1.700e+01  2.100e-05
 1.400e+03  1.800e+01  2.330e-05
 1.400e+03  1.900e+01  2.570e-05
 1.400e+03  2.000e+01  2.830e-05
 1.400e+03  2.500e+01  4.350e-05
 1.400e+03  3.000e+01  6.230e-05
 1.400e+03  3.500e+01  8.460e-05
 1.400e+03  4.000e+01  1.100e-04
 1.400e+03  4.500e+01  1.400e-04
 1.400e+03  5.000e+01  1.720e-04
 1.400e+03  5.500e+01  2.080e-04
 1.400e+03  6.000e+01  2.480e-04
