# mhp       tanbeta      NLO_xsec
 5.000e+02  1.000e-01  6.320e+00
 5.000e+02  2.000e-01  1.580e+00
 5.000e+02  3.000e-01  7.020e-01
 5.000e+02  4.000e-01  3.950e-01
 5.000e+02  5.000e-01  2.530e-01
 5.000e+02  6.000e-01  1.760e-01
 5.000e+02  7.000e-01  1.290e-01
 5.000e+02  8.000e-01  9.870e-02
 5.000e+02  9.000e-01  7.800e-02
 5.000e+02  1.000e+00  6.320e-02
 5.000e+02  2.000e+00  1.590e-02
 5.000e+02  3.000e+00  7.150e-03
 5.000e+02  4.000e+00  4.180e-03
 5.000e+02  5.000e+00  2.880e-03
 5.000e+02  6.000e+00  2.270e-03
 5.000e+02  7.000e+00  1.990e-03
 5.000e+02  8.000e+00  1.900e-03
 5.000e+02  9.000e+00  1.940e-03
 5.000e+02  1.000e+01  2.060e-03
 5.000e+02  1.100e+01  2.250e-03
 5.000e+02  1.200e+01  2.490e-03
 5.000e+02  1.300e+01  2.790e-03
 5.000e+02  1.400e+01  3.120e-03
 5.000e+02  1.500e+01  3.490e-03
 5.000e+02  1.600e+01  3.900e-03
 5.000e+02  1.700e+01  4.340e-03
 5.000e+02  1.800e+01  4.820e-03
 5.000e+02  1.900e+01  5.330e-03
 5.000e+02  2.000e+01  5.870e-03
 5.000e+02  2.500e+01  9.020e-03
 5.000e+02  3.000e+01  1.290e-02
 5.000e+02  3.500e+01  1.750e-02
 5.000e+02  4.000e+01  2.290e-02
 5.000e+02  4.500e+01  2.890e-02
 5.000e+02  5.000e+01  3.570e-02
 5.000e+02  5.500e+01  4.320e-02
 5.000e+02  6.000e+01  5.140e-02
