# mhp       tanbeta      NLO_xsec
 4.400e+02  1.000e-01  1.020e+01
 4.400e+02  2.000e-01  2.540e+00
 4.400e+02  3.000e-01  1.130e+00
 4.400e+02  4.000e-01  6.350e-01
 4.400e+02  5.000e-01  4.070e-01
 4.400e+02  6.000e-01  2.820e-01
 4.400e+02  7.000e-01  2.070e-01
 4.400e+02  8.000e-01  1.590e-01
 4.400e+02  9.000e-01  1.260e-01
 4.400e+02  1.000e+00  1.020e-01
 4.400e+02  2.000e+00  2.550e-02
 4.400e+02  3.000e+00  1.150e-02
 4.400e+02  4.000e+00  6.720e-03
 4.400e+02  5.000e+00  4.640e-03
 4.400e+02  6.000e+00  3.660e-03
 4.400e+02  7.000e+00  3.210e-03
 4.400e+02  8.000e+00  3.070e-03
 4.400e+02  9.000e+00  3.130e-03
 4.400e+02  1.000e+01  3.330e-03
 4.400e+02  1.100e+01  3.630e-03
 4.400e+02  1.200e+01  4.030e-03
 4.400e+02  1.300e+01  4.500e-03
 4.400e+02  1.400e+01  5.040e-03
 4.400e+02  1.500e+01  5.650e-03
 4.400e+02  1.600e+01  6.310e-03
 4.400e+02  1.700e+01  7.020e-03
 4.400e+02  1.800e+01  7.790e-03
 4.400e+02  1.900e+01  8.620e-03
 4.400e+02  2.000e+01  9.490e-03
 4.400e+02  2.500e+01  1.460e-02
 4.400e+02  3.000e+01  2.090e-02
 4.400e+02  3.500e+01  2.840e-02
 4.400e+02  4.000e+01  3.700e-02
 4.400e+02  4.500e+01  4.680e-02
 4.400e+02  5.000e+01  5.780e-02
 4.400e+02  5.500e+01  6.990e-02
 4.400e+02  6.000e+01  8.310e-02
