# mhp       tanbeta      NLO_xsec
 9.800e+02  1.000e-01  2.820e-01
 9.800e+02  2.000e-01  7.050e-02
 9.800e+02  3.000e-01  3.130e-02
 9.800e+02  4.000e-01  1.760e-02
 9.800e+02  5.000e-01  1.130e-02
 9.800e+02  6.000e-01  7.830e-03
 9.800e+02  7.000e-01  5.750e-03
 9.800e+02  8.000e-01  4.400e-03
 9.800e+02  9.000e-01  3.480e-03
 9.800e+02  1.000e+00  2.820e-03
 9.800e+02  2.000e+00  7.070e-04
 9.800e+02  3.000e+00  3.190e-04
 9.800e+02  4.000e+00  1.860e-04
 9.800e+02  5.000e+00  1.280e-04
 9.800e+02  6.000e+00  1.010e-04
 9.800e+02  7.000e+00  8.790e-05
 9.800e+02  8.000e+00  8.380e-05
 9.800e+02  9.000e+00  8.510e-05
 9.800e+02  1.000e+01  9.030e-05
 9.800e+02  1.100e+01  9.840e-05
 9.800e+02  1.200e+01  1.090e-04
 9.800e+02  1.300e+01  1.220e-04
 9.800e+02  1.400e+01  1.360e-04
 9.800e+02  1.500e+01  1.520e-04
 9.800e+02  1.600e+01  1.700e-04
 9.800e+02  1.700e+01  1.890e-04
 9.800e+02  1.800e+01  2.100e-04
 9.800e+02  1.900e+01  2.320e-04
 9.800e+02  2.000e+01  2.550e-04
 9.800e+02  2.500e+01  3.930e-04
 9.800e+02  3.000e+01  5.620e-04
 9.800e+02  3.500e+01  7.630e-04
 9.800e+02  4.000e+01  9.950e-04
 9.800e+02  4.500e+01  1.260e-03
 9.800e+02  5.000e+01  1.550e-03
 9.800e+02  5.500e+01  1.880e-03
 9.800e+02  6.000e+01  2.240e-03
