# mhp       tanbeta      NLO_xsec
 3.000e+02  1.000e-01  3.420e+01
 3.000e+02  2.000e-01  8.550e+00
 3.000e+02  3.000e-01  3.800e+00
 3.000e+02  4.000e-01  2.140e+00
 3.000e+02  5.000e-01  1.370e+00
 3.000e+02  6.000e-01  9.500e-01
 3.000e+02  7.000e-01  6.980e-01
 3.000e+02  8.000e-01  5.350e-01
 3.000e+02  9.000e-01  4.220e-01
 3.000e+02  1.000e+00  3.420e-01
 3.000e+02  2.000e+00  8.590e-02
 3.000e+02  3.000e+00  3.870e-02
 3.000e+02  4.000e+00  2.260e-02
 3.000e+02  5.000e+00  1.570e-02
 3.000e+02  6.000e+00  1.230e-02
 3.000e+02  7.000e+00  1.080e-02
 3.000e+02  8.000e+00  1.040e-02
 3.000e+02  9.000e+00  1.060e-02
 3.000e+02  1.000e+01  1.130e-02
 3.000e+02  1.100e+01  1.240e-02
 3.000e+02  1.200e+01  1.370e-02
 3.000e+02  1.300e+01  1.540e-02
 3.000e+02  1.400e+01  1.720e-02
 3.000e+02  1.500e+01  1.930e-02
 3.000e+02  1.600e+01  2.150e-02
 3.000e+02  1.700e+01  2.400e-02
 3.000e+02  1.800e+01  2.660e-02
 3.000e+02  1.900e+01  2.940e-02
 3.000e+02  2.000e+01  3.240e-02
 3.000e+02  2.500e+01  4.990e-02
 3.000e+02  3.000e+01  7.140e-02
 3.000e+02  3.500e+01  9.690e-02
 3.000e+02  4.000e+01  1.260e-01
 3.000e+02  4.500e+01  1.600e-01
 3.000e+02  5.000e+01  1.970e-01
 3.000e+02  5.500e+01  2.390e-01
 3.000e+02  6.000e+01  2.840e-01
