# mhp       tanbeta      NLO_xsec
 9.800e+02  1.000e-01  2.380e-01
 9.800e+02  2.000e-01  5.950e-02
 9.800e+02  3.000e-01  2.640e-02
 9.800e+02  4.000e-01  1.490e-02
 9.800e+02  5.000e-01  9.520e-03
 9.800e+02  6.000e-01  6.610e-03
 9.800e+02  7.000e-01  4.860e-03
 9.800e+02  8.000e-01  3.720e-03
 9.800e+02  9.000e-01  2.940e-03
 9.800e+02  1.000e+00  2.380e-03
 9.800e+02  2.000e+00  5.970e-04
 9.800e+02  3.000e+00  2.690e-04
 9.800e+02  4.000e+00  1.570e-04
 9.800e+02  5.000e+00  1.080e-04
 9.800e+02  6.000e+00  8.460e-05
 9.800e+02  7.000e+00  7.380e-05
 9.800e+02  8.000e+00  7.010e-05
 9.800e+02  9.000e+00  7.110e-05
 9.800e+02  1.000e+01  7.530e-05
 9.800e+02  1.100e+01  8.200e-05
 9.800e+02  1.200e+01  9.060e-05
 9.800e+02  1.300e+01  1.010e-04
 9.800e+02  1.400e+01  1.130e-04
 9.800e+02  1.500e+01  1.260e-04
 9.800e+02  1.600e+01  1.410e-04
 9.800e+02  1.700e+01  1.570e-04
 9.800e+02  1.800e+01  1.740e-04
 9.800e+02  1.900e+01  1.920e-04
 9.800e+02  2.000e+01  2.120e-04
 9.800e+02  2.500e+01  3.260e-04
 9.800e+02  3.000e+01  4.660e-04
 9.800e+02  3.500e+01  6.330e-04
 9.800e+02  4.000e+01  8.250e-04
 9.800e+02  4.500e+01  1.040e-03
 9.800e+02  5.000e+01  1.290e-03
 9.800e+02  5.500e+01  1.560e-03
 9.800e+02  6.000e+01  1.850e-03
