# mhp       tanbeta      NLO_xsec
 2.800e+02  1.000e-01  4.200e+01
 2.800e+02  2.000e-01  1.050e+01
 2.800e+02  3.000e-01  4.670e+00
 2.800e+02  4.000e-01  2.630e+00
 2.800e+02  5.000e-01  1.680e+00
 2.800e+02  6.000e-01  1.170e+00
 2.800e+02  7.000e-01  8.580e-01
 2.800e+02  8.000e-01  6.570e-01
 2.800e+02  9.000e-01  5.190e-01
 2.800e+02  1.000e+00  4.210e-01
 2.800e+02  2.000e+00  1.050e-01
 2.800e+02  3.000e+00  4.760e-02
 2.800e+02  4.000e+00  2.780e-02
 2.800e+02  5.000e+00  1.920e-02
 2.800e+02  6.000e+00  1.510e-02
 2.800e+02  7.000e+00  1.320e-02
 2.800e+02  8.000e+00  1.270e-02
 2.800e+02  9.000e+00  1.290e-02
 2.800e+02  1.000e+01  1.370e-02
 2.800e+02  1.100e+01  1.500e-02
 2.800e+02  1.200e+01  1.660e-02
 2.800e+02  1.300e+01  1.860e-02
 2.800e+02  1.400e+01  2.080e-02
 2.800e+02  1.500e+01  2.330e-02
 2.800e+02  1.600e+01  2.600e-02
 2.800e+02  1.700e+01  2.900e-02
 2.800e+02  1.800e+01  3.210e-02
 2.800e+02  1.900e+01  3.550e-02
 2.800e+02  2.000e+01  3.910e-02
 2.800e+02  2.500e+01  6.020e-02
 2.800e+02  3.000e+01  8.620e-02
 2.800e+02  3.500e+01  1.170e-01
 2.800e+02  4.000e+01  1.530e-01
 2.800e+02  4.500e+01  1.930e-01
 2.800e+02  5.000e+01  2.380e-01
 2.800e+02  5.500e+01  2.880e-01
 2.800e+02  6.000e+01  3.430e-01
