# mhp       tanbeta      NLO_xsec
 2.000e+02  1.000e-01  9.190e+01
 2.000e+02  2.000e-01  2.300e+01
 2.000e+02  3.000e-01  1.020e+01
 2.000e+02  4.000e-01  5.750e+00
 2.000e+02  5.000e-01  3.680e+00
 2.000e+02  6.000e-01  2.550e+00
 2.000e+02  7.000e-01  1.880e+00
 2.000e+02  8.000e-01  1.440e+00
 2.000e+02  9.000e-01  1.140e+00
 2.000e+02  1.000e+00  9.190e-01
 2.000e+02  2.000e+00  2.310e-01
 2.000e+02  3.000e+00  1.040e-01
 2.000e+02  4.000e+00  6.090e-02
 2.000e+02  5.000e+00  4.210e-02
 2.000e+02  6.000e+00  3.330e-02
 2.000e+02  7.000e+00  2.930e-02
 2.000e+02  8.000e+00  2.810e-02
 2.000e+02  9.000e+00  2.880e-02
 2.000e+02  1.000e+01  3.070e-02
 2.000e+02  1.100e+01  3.360e-02
 2.000e+02  1.200e+01  3.730e-02
 2.000e+02  1.300e+01  4.180e-02
 2.000e+02  1.400e+01  4.680e-02
 2.000e+02  1.500e+01  5.250e-02
 2.000e+02  1.600e+01  5.860e-02
 2.000e+02  1.700e+01  6.530e-02
 2.000e+02  1.800e+01  7.250e-02
 2.000e+02  1.900e+01  8.020e-02
 2.000e+02  2.000e+01  8.830e-02
 2.000e+02  2.500e+01  1.360e-01
 2.000e+02  3.000e+01  1.950e-01
 2.000e+02  3.500e+01  2.640e-01
 2.000e+02  4.000e+01  3.450e-01
 2.000e+02  4.500e+01  4.360e-01
 2.000e+02  5.000e+01  5.380e-01
 2.000e+02  5.500e+01  6.510e-01
 2.000e+02  6.000e+01  7.740e-01
