# mhp       tanbeta      NLO_xsec
 9.600e+02  1.000e-01  2.690e-01
 9.600e+02  2.000e-01  6.720e-02
 9.600e+02  3.000e-01  2.990e-02
 9.600e+02  4.000e-01  1.680e-02
 9.600e+02  5.000e-01  1.070e-02
 9.600e+02  6.000e-01  7.460e-03
 9.600e+02  7.000e-01  5.480e-03
 9.600e+02  8.000e-01  4.200e-03
 9.600e+02  9.000e-01  3.320e-03
 9.600e+02  1.000e+00  2.690e-03
 9.600e+02  2.000e+00  6.740e-04
 9.600e+02  3.000e+00  3.040e-04
 9.600e+02  4.000e+00  1.770e-04
 9.600e+02  5.000e+00  1.220e-04
 9.600e+02  6.000e+00  9.560e-05
 9.600e+02  7.000e+00  8.330e-05
 9.600e+02  8.000e+00  7.920e-05
 9.600e+02  9.000e+00  8.030e-05
 9.600e+02  1.000e+01  8.500e-05
 9.600e+02  1.100e+01  9.260e-05
 9.600e+02  1.200e+01  1.020e-04
 9.600e+02  1.300e+01  1.140e-04
 9.600e+02  1.400e+01  1.280e-04
 9.600e+02  1.500e+01  1.430e-04
 9.600e+02  1.600e+01  1.590e-04
 9.600e+02  1.700e+01  1.770e-04
 9.600e+02  1.800e+01  1.970e-04
 9.600e+02  1.900e+01  2.170e-04
 9.600e+02  2.000e+01  2.390e-04
 9.600e+02  2.500e+01  3.680e-04
 9.600e+02  3.000e+01  5.260e-04
 9.600e+02  3.500e+01  7.150e-04
 9.600e+02  4.000e+01  9.320e-04
 9.600e+02  4.500e+01  1.180e-03
 9.600e+02  5.000e+01  1.460e-03
 9.600e+02  5.500e+01  1.760e-03
 9.600e+02  6.000e+01  2.090e-03
