# mhp       tanbeta      NLO_xsec
 2.400e+02  1.000e-01  5.930e+01
 2.400e+02  2.000e-01  1.480e+01
 2.400e+02  3.000e-01  6.590e+00
 2.400e+02  4.000e-01  3.710e+00
 2.400e+02  5.000e-01  2.370e+00
 2.400e+02  6.000e-01  1.650e+00
 2.400e+02  7.000e-01  1.210e+00
 2.400e+02  8.000e-01  9.270e-01
 2.400e+02  9.000e-01  7.320e-01
 2.400e+02  1.000e+00  5.930e-01
 2.400e+02  2.000e+00  1.490e-01
 2.400e+02  3.000e+00  6.710e-02
 2.400e+02  4.000e+00  3.930e-02
 2.400e+02  5.000e+00  2.720e-02
 2.400e+02  6.000e+00  2.140e-02
 2.400e+02  7.000e+00  1.890e-02
 2.400e+02  8.000e+00  1.810e-02
 2.400e+02  9.000e+00  1.850e-02
 2.400e+02  1.000e+01  1.970e-02
 2.400e+02  1.100e+01  2.160e-02
 2.400e+02  1.200e+01  2.400e-02
 2.400e+02  1.300e+01  2.680e-02
 2.400e+02  1.400e+01  3.010e-02
 2.400e+02  1.500e+01  3.370e-02
 2.400e+02  1.600e+01  3.760e-02
 2.400e+02  1.700e+01  4.190e-02
 2.400e+02  1.800e+01  4.650e-02
 2.400e+02  1.900e+01  5.140e-02
 2.400e+02  2.000e+01  5.670e-02
 2.400e+02  2.500e+01  8.720e-02
 2.400e+02  3.000e+01  1.250e-01
 2.400e+02  3.500e+01  1.690e-01
 2.400e+02  4.000e+01  2.210e-01
 2.400e+02  4.500e+01  2.800e-01
 2.400e+02  5.000e+01  3.450e-01
 2.400e+02  5.500e+01  4.170e-01
 2.400e+02  6.000e+01  4.970e-01
