# mhp       tanbeta      NLO_xsec
 4.200e+02  1.000e-01  1.200e+01
 4.200e+02  2.000e-01  3.010e+00
 4.200e+02  3.000e-01  1.340e+00
 4.200e+02  4.000e-01  7.520e-01
 4.200e+02  5.000e-01  4.810e-01
 4.200e+02  6.000e-01  3.340e-01
 4.200e+02  7.000e-01  2.460e-01
 4.200e+02  8.000e-01  1.880e-01
 4.200e+02  9.000e-01  1.490e-01
 4.200e+02  1.000e+00  1.200e-01
 4.200e+02  2.000e+00  3.020e-02
 4.200e+02  3.000e+00  1.360e-02
 4.200e+02  4.000e+00  7.950e-03
 4.200e+02  5.000e+00  5.480e-03
 4.200e+02  6.000e+00  4.310e-03
 4.200e+02  7.000e+00  3.770e-03
 4.200e+02  8.000e+00  3.600e-03
 4.200e+02  9.000e+00  3.660e-03
 4.200e+02  1.000e+01  3.880e-03
 4.200e+02  1.100e+01  4.240e-03
 4.200e+02  1.200e+01  4.700e-03
 4.200e+02  1.300e+01  5.240e-03
 4.200e+02  1.400e+01  5.870e-03
 4.200e+02  1.500e+01  6.570e-03
 4.200e+02  1.600e+01  7.330e-03
 4.200e+02  1.700e+01  8.160e-03
 4.200e+02  1.800e+01  9.060e-03
 4.200e+02  1.900e+01  1.000e-02
 4.200e+02  2.000e+01  1.100e-02
 4.200e+02  2.500e+01  1.690e-02
 4.200e+02  3.000e+01  2.430e-02
 4.200e+02  3.500e+01  3.290e-02
 4.200e+02  4.000e+01  4.300e-02
 4.200e+02  4.500e+01  5.440e-02
 4.200e+02  5.000e+01  6.710e-02
 4.200e+02  5.500e+01  8.110e-02
 4.200e+02  6.000e+01  9.660e-02
