# mhp       tanbeta      NLO_xsec
 5.000e+02  1.000e-01  6.280e+00
 5.000e+02  2.000e-01  1.570e+00
 5.000e+02  3.000e-01  6.980e-01
 5.000e+02  4.000e-01  3.930e-01
 5.000e+02  5.000e-01  2.510e-01
 5.000e+02  6.000e-01  1.740e-01
 5.000e+02  7.000e-01  1.280e-01
 5.000e+02  8.000e-01  9.820e-02
 5.000e+02  9.000e-01  7.760e-02
 5.000e+02  1.000e+00  6.280e-02
 5.000e+02  2.000e+00  1.580e-02
 5.000e+02  3.000e+00  7.100e-03
 5.000e+02  4.000e+00  4.150e-03
 5.000e+02  5.000e+00  2.860e-03
 5.000e+02  6.000e+00  2.250e-03
 5.000e+02  7.000e+00  1.960e-03
 5.000e+02  8.000e+00  1.870e-03
 5.000e+02  9.000e+00  1.900e-03
 5.000e+02  1.000e+01  2.020e-03
 5.000e+02  1.100e+01  2.200e-03
 5.000e+02  1.200e+01  2.440e-03
 5.000e+02  1.300e+01  2.720e-03
 5.000e+02  1.400e+01  3.050e-03
 5.000e+02  1.500e+01  3.410e-03
 5.000e+02  1.600e+01  3.800e-03
 5.000e+02  1.700e+01  4.240e-03
 5.000e+02  1.800e+01  4.700e-03
 5.000e+02  1.900e+01  5.190e-03
 5.000e+02  2.000e+01  5.720e-03
 5.000e+02  2.500e+01  8.790e-03
 5.000e+02  3.000e+01  1.260e-02
 5.000e+02  3.500e+01  1.710e-02
 5.000e+02  4.000e+01  2.230e-02
 5.000e+02  4.500e+01  2.820e-02
 5.000e+02  5.000e+01  3.480e-02
 5.000e+02  5.500e+01  4.210e-02
 5.000e+02  6.000e+01  5.010e-02
