# mhp       tanbeta      NLO_xsec
 3.800e+02  1.000e-01  1.680e+01
 3.800e+02  2.000e-01  4.190e+00
 3.800e+02  3.000e-01  1.860e+00
 3.800e+02  4.000e-01  1.050e+00
 3.800e+02  5.000e-01  6.710e-01
 3.800e+02  6.000e-01  4.660e-01
 3.800e+02  7.000e-01  3.420e-01
 3.800e+02  8.000e-01  2.620e-01
 3.800e+02  9.000e-01  2.070e-01
 3.800e+02  1.000e+00  1.680e-01
 3.800e+02  2.000e+00  4.210e-02
 3.800e+02  3.000e+00  1.900e-02
 3.800e+02  4.000e+00  1.110e-02
 3.800e+02  5.000e+00  7.670e-03
 3.800e+02  6.000e+00  6.040e-03
 3.800e+02  7.000e+00  5.300e-03
 3.800e+02  8.000e+00  5.070e-03
 3.800e+02  9.000e+00  5.180e-03
 3.800e+02  1.000e+01  5.510e-03
 3.800e+02  1.100e+01  6.020e-03
 3.800e+02  1.200e+01  6.680e-03
 3.800e+02  1.300e+01  7.470e-03
 3.800e+02  1.400e+01  8.370e-03
 3.800e+02  1.500e+01  9.370e-03
 3.800e+02  1.600e+01  1.050e-02
 3.800e+02  1.700e+01  1.170e-02
 3.800e+02  1.800e+01  1.290e-02
 3.800e+02  1.900e+01  1.430e-02
 3.800e+02  2.000e+01  1.570e-02
 3.800e+02  2.500e+01  2.420e-02
 3.800e+02  3.000e+01  3.470e-02
 3.800e+02  3.500e+01  4.710e-02
 3.800e+02  4.000e+01  6.140e-02
 3.800e+02  4.500e+01  7.770e-02
 3.800e+02  5.000e+01  9.590e-02
 3.800e+02  5.500e+01  1.160e-01
 3.800e+02  6.000e+01  1.380e-01
