# mhp       tanbeta      NLO_xsec
 8.800e+02  1.000e-01  4.720e-01
 8.800e+02  2.000e-01  1.180e-01
 8.800e+02  3.000e-01  5.250e-02
 8.800e+02  4.000e-01  2.950e-02
 8.800e+02  5.000e-01  1.890e-02
 8.800e+02  6.000e-01  1.310e-02
 8.800e+02  7.000e-01  9.630e-03
 8.800e+02  8.000e-01  7.380e-03
 8.800e+02  9.000e-01  5.830e-03
 8.800e+02  1.000e+00  4.720e-03
 8.800e+02  2.000e+00  1.180e-03
 8.800e+02  3.000e+00  5.340e-04
 8.800e+02  4.000e+00  3.120e-04
 8.800e+02  5.000e+00  2.150e-04
 8.800e+02  6.000e+00  1.690e-04
 8.800e+02  7.000e+00  1.480e-04
 8.800e+02  8.000e+00  1.410e-04
 8.800e+02  9.000e+00  1.430e-04
 8.800e+02  1.000e+01  1.520e-04
 8.800e+02  1.100e+01  1.650e-04
 8.800e+02  1.200e+01  1.830e-04
 8.800e+02  1.300e+01  2.040e-04
 8.800e+02  1.400e+01  2.290e-04
 8.800e+02  1.500e+01  2.560e-04
 8.800e+02  1.600e+01  2.860e-04
 8.800e+02  1.700e+01  3.180e-04
 8.800e+02  1.800e+01  3.530e-04
 8.800e+02  1.900e+01  3.900e-04
 8.800e+02  2.000e+01  4.300e-04
 8.800e+02  2.500e+01  6.600e-04
 8.800e+02  3.000e+01  9.450e-04
 8.800e+02  3.500e+01  1.280e-03
 8.800e+02  4.000e+01  1.670e-03
 8.800e+02  4.500e+01  2.120e-03
 8.800e+02  5.000e+01  2.610e-03
 8.800e+02  5.500e+01  3.160e-03
 8.800e+02  6.000e+01  3.760e-03
