# mhp       tanbeta      NLO_xsec
 5.600e+02  1.000e-01  4.060e+00
 5.600e+02  2.000e-01  1.010e+00
 5.600e+02  3.000e-01  4.510e-01
 5.600e+02  4.000e-01  2.540e-01
 5.600e+02  5.000e-01  1.620e-01
 5.600e+02  6.000e-01  1.130e-01
 5.600e+02  7.000e-01  8.280e-02
 5.600e+02  8.000e-01  6.340e-02
 5.600e+02  9.000e-01  5.010e-02
 5.600e+02  1.000e+00  4.060e-02
 5.600e+02  2.000e+00  1.020e-02
 5.600e+02  3.000e+00  4.590e-03
 5.600e+02  4.000e+00  2.680e-03
 5.600e+02  5.000e+00  1.850e-03
 5.600e+02  6.000e+00  1.460e-03
 5.600e+02  7.000e+00  1.280e-03
 5.600e+02  8.000e+00  1.220e-03
 5.600e+02  9.000e+00  1.240e-03
 5.600e+02  1.000e+01  1.320e-03
 5.600e+02  1.100e+01  1.440e-03
 5.600e+02  1.200e+01  1.600e-03
 5.600e+02  1.300e+01  1.780e-03
 5.600e+02  1.400e+01  2.000e-03
 5.600e+02  1.500e+01  2.230e-03
 5.600e+02  1.600e+01  2.490e-03
 5.600e+02  1.700e+01  2.780e-03
 5.600e+02  1.800e+01  3.080e-03
 5.600e+02  1.900e+01  3.410e-03
 5.600e+02  2.000e+01  3.750e-03
 5.600e+02  2.500e+01  5.770e-03
 5.600e+02  3.000e+01  8.260e-03
 5.600e+02  3.500e+01  1.120e-02
 5.600e+02  4.000e+01  1.460e-02
 5.600e+02  4.500e+01  1.850e-02
 5.600e+02  5.000e+01  2.280e-02
 5.600e+02  5.500e+01  2.760e-02
 5.600e+02  6.000e+01  3.290e-02
