# mhp       tanbeta      NLO_xsec
 4.000e+02  1.000e-01  1.420e+01
 4.000e+02  2.000e-01  3.560e+00
 4.000e+02  3.000e-01  1.580e+00
 4.000e+02  4.000e-01  8.910e-01
 4.000e+02  5.000e-01  5.700e-01
 4.000e+02  6.000e-01  3.960e-01
 4.000e+02  7.000e-01  2.910e-01
 4.000e+02  8.000e-01  2.230e-01
 4.000e+02  9.000e-01  1.760e-01
 4.000e+02  1.000e+00  1.430e-01
 4.000e+02  2.000e+00  3.570e-02
 4.000e+02  3.000e+00  1.610e-02
 4.000e+02  4.000e+00  9.410e-03
 4.000e+02  5.000e+00  6.490e-03
 4.000e+02  6.000e+00  5.100e-03
 4.000e+02  7.000e+00  4.470e-03
 4.000e+02  8.000e+00  4.260e-03
 4.000e+02  9.000e+00  4.340e-03
 4.000e+02  1.000e+01  4.610e-03
 4.000e+02  1.100e+01  5.030e-03
 4.000e+02  1.200e+01  5.570e-03
 4.000e+02  1.300e+01  6.220e-03
 4.000e+02  1.400e+01  6.960e-03
 4.000e+02  1.500e+01  7.790e-03
 4.000e+02  1.600e+01  8.700e-03
 4.000e+02  1.700e+01  9.690e-03
 4.000e+02  1.800e+01  1.070e-02
 4.000e+02  1.900e+01  1.190e-02
 4.000e+02  2.000e+01  1.310e-02
 4.000e+02  2.500e+01  2.010e-02
 4.000e+02  3.000e+01  2.880e-02
 4.000e+02  3.500e+01  3.910e-02
 4.000e+02  4.000e+01  5.100e-02
 4.000e+02  4.500e+01  6.450e-02
 4.000e+02  5.000e+01  7.960e-02
 4.000e+02  5.500e+01  9.630e-02
 4.000e+02  6.000e+01  1.150e-01
