# mhp       tanbeta      NLO_xsec
 4.000e+02  1.000e-01  1.420e+01
 4.000e+02  2.000e-01  3.540e+00
 4.000e+02  3.000e-01  1.570e+00
 4.000e+02  4.000e-01  8.850e-01
 4.000e+02  5.000e-01  5.660e-01
 4.000e+02  6.000e-01  3.930e-01
 4.000e+02  7.000e-01  2.890e-01
 4.000e+02  8.000e-01  2.210e-01
 4.000e+02  9.000e-01  1.750e-01
 4.000e+02  1.000e+00  1.420e-01
 4.000e+02  2.000e+00  3.550e-02
 4.000e+02  3.000e+00  1.600e-02
 4.000e+02  4.000e+00  9.360e-03
 4.000e+02  5.000e+00  6.470e-03
 4.000e+02  6.000e+00  5.090e-03
 4.000e+02  7.000e+00  4.470e-03
 4.000e+02  8.000e+00  4.280e-03
 4.000e+02  9.000e+00  4.360e-03
 4.000e+02  1.000e+01  4.640e-03
 4.000e+02  1.100e+01  5.070e-03
 4.000e+02  1.200e+01  5.630e-03
 4.000e+02  1.300e+01  6.290e-03
 4.000e+02  1.400e+01  7.050e-03
 4.000e+02  1.500e+01  7.890e-03
 4.000e+02  1.600e+01  8.810e-03
 4.000e+02  1.700e+01  9.810e-03
 4.000e+02  1.800e+01  1.090e-02
 4.000e+02  1.900e+01  1.200e-02
 4.000e+02  2.000e+01  1.330e-02
 4.000e+02  2.500e+01  2.040e-02
 4.000e+02  3.000e+01  2.920e-02
 4.000e+02  3.500e+01  3.960e-02
 4.000e+02  4.000e+01  5.170e-02
 4.000e+02  4.500e+01  6.540e-02
 4.000e+02  5.000e+01  8.070e-02
 4.000e+02  5.500e+01  9.770e-02
 4.000e+02  6.000e+01  1.160e-01
