# mhp       tanbeta      NLO_xsec
 7.200e+02  1.000e-01  1.260e+00
 7.200e+02  2.000e-01  3.150e-01
 7.200e+02  3.000e-01  1.400e-01
 7.200e+02  4.000e-01  7.870e-02
 7.200e+02  5.000e-01  5.040e-02
 7.200e+02  6.000e-01  3.500e-02
 7.200e+02  7.000e-01  2.570e-02
 7.200e+02  8.000e-01  1.970e-02
 7.200e+02  9.000e-01  1.550e-02
 7.200e+02  1.000e+00  1.260e-02
 7.200e+02  2.000e+00  3.160e-03
 7.200e+02  3.000e+00  1.420e-03
 7.200e+02  4.000e+00  8.310e-04
 7.200e+02  5.000e+00  5.720e-04
 7.200e+02  6.000e+00  4.490e-04
 7.200e+02  7.000e+00  3.920e-04
 7.200e+02  8.000e+00  3.730e-04
 7.200e+02  9.000e+00  3.780e-04
 7.200e+02  1.000e+01  4.010e-04
 7.200e+02  1.100e+01  4.370e-04
 7.200e+02  1.200e+01  4.830e-04
 7.200e+02  1.300e+01  5.390e-04
 7.200e+02  1.400e+01  6.030e-04
 7.200e+02  1.500e+01  6.750e-04
 7.200e+02  1.600e+01  7.530e-04
 7.200e+02  1.700e+01  8.380e-04
 7.200e+02  1.800e+01  9.300e-04
 7.200e+02  1.900e+01  1.030e-03
 7.200e+02  2.000e+01  1.130e-03
 7.200e+02  2.500e+01  1.740e-03
 7.200e+02  3.000e+01  2.490e-03
 7.200e+02  3.500e+01  3.380e-03
 7.200e+02  4.000e+01  4.410e-03
 7.200e+02  4.500e+01  5.580e-03
 7.200e+02  5.000e+01  6.880e-03
 7.200e+02  5.500e+01  8.320e-03
 7.200e+02  6.000e+01  9.900e-03
