# mhp       tanbeta      NLO_xsec
 8.400e+02  1.000e-01  6.040e-01
 8.400e+02  2.000e-01  1.510e-01
 8.400e+02  3.000e-01  6.720e-02
 8.400e+02  4.000e-01  3.780e-02
 8.400e+02  5.000e-01  2.420e-02
 8.400e+02  6.000e-01  1.680e-02
 8.400e+02  7.000e-01  1.230e-02
 8.400e+02  8.000e-01  9.450e-03
 8.400e+02  9.000e-01  7.460e-03
 8.400e+02  1.000e+00  6.050e-03
 8.400e+02  2.000e+00  1.520e-03
 8.400e+02  3.000e+00  6.840e-04
 8.400e+02  4.000e+00  3.990e-04
 8.400e+02  5.000e+00  2.750e-04
 8.400e+02  6.000e+00  2.160e-04
 8.400e+02  7.000e+00  1.890e-04
 8.400e+02  8.000e+00  1.800e-04
 8.400e+02  9.000e+00  1.830e-04
 8.400e+02  1.000e+01  1.940e-04
 8.400e+02  1.100e+01  2.120e-04
 8.400e+02  1.200e+01  2.350e-04
 8.400e+02  1.300e+01  2.620e-04
 8.400e+02  1.400e+01  2.930e-04
 8.400e+02  1.500e+01  3.280e-04
 8.400e+02  1.600e+01  3.670e-04
 8.400e+02  1.700e+01  4.080e-04
 8.400e+02  1.800e+01  4.530e-04
 8.400e+02  1.900e+01  5.000e-04
 8.400e+02  2.000e+01  5.510e-04
 8.400e+02  2.500e+01  8.470e-04
 8.400e+02  3.000e+01  1.210e-03
 8.400e+02  3.500e+01  1.650e-03
 8.400e+02  4.000e+01  2.150e-03
 8.400e+02  4.500e+01  2.720e-03
 8.400e+02  5.000e+01  3.350e-03
 8.400e+02  5.500e+01  4.050e-03
 8.400e+02  6.000e+01  4.820e-03
