# mhp       tanbeta      NLO_xsec
 8.000e+02  1.000e-01  7.780e-01
 8.000e+02  2.000e-01  1.940e-01
 8.000e+02  3.000e-01  8.640e-02
 8.000e+02  4.000e-01  4.860e-02
 8.000e+02  5.000e-01  3.110e-02
 8.000e+02  6.000e-01  2.160e-02
 8.000e+02  7.000e-01  1.590e-02
 8.000e+02  8.000e-01  1.220e-02
 8.000e+02  9.000e-01  9.600e-03
 8.000e+02  1.000e+00  7.780e-03
 8.000e+02  2.000e+00  1.950e-03
 8.000e+02  3.000e+00  8.800e-04
 8.000e+02  4.000e+00  5.140e-04
 8.000e+02  5.000e+00  3.540e-04
 8.000e+02  6.000e+00  2.780e-04
 8.000e+02  7.000e+00  2.430e-04
 8.000e+02  8.000e+00  2.320e-04
 8.000e+02  9.000e+00  2.360e-04
 8.000e+02  1.000e+01  2.500e-04
 8.000e+02  1.100e+01  2.730e-04
 8.000e+02  1.200e+01  3.030e-04
 8.000e+02  1.300e+01  3.380e-04
 8.000e+02  1.400e+01  3.780e-04
 8.000e+02  1.500e+01  4.230e-04
 8.000e+02  1.600e+01  4.720e-04
 8.000e+02  1.700e+01  5.260e-04
 8.000e+02  1.800e+01  5.830e-04
 8.000e+02  1.900e+01  6.450e-04
 8.000e+02  2.000e+01  7.100e-04
 8.000e+02  2.500e+01  1.090e-03
 8.000e+02  3.000e+01  1.560e-03
 8.000e+02  3.500e+01  2.120e-03
 8.000e+02  4.000e+01  2.770e-03
 8.000e+02  4.500e+01  3.500e-03
 8.000e+02  5.000e+01  4.320e-03
 8.000e+02  5.500e+01  5.230e-03
 8.000e+02  6.000e+01  6.220e-03
