# mhp       tanbeta      NLO_xsec
 3.200e+02  1.000e-01  2.890e+01
 3.200e+02  2.000e-01  7.220e+00
 3.200e+02  3.000e-01  3.210e+00
 3.200e+02  4.000e-01  1.810e+00
 3.200e+02  5.000e-01  1.160e+00
 3.200e+02  6.000e-01  8.030e-01
 3.200e+02  7.000e-01  5.900e-01
 3.200e+02  8.000e-01  4.520e-01
 3.200e+02  9.000e-01  3.570e-01
 3.200e+02  1.000e+00  2.890e-01
 3.200e+02  2.000e+00  7.250e-02
 3.200e+02  3.000e+00  3.270e-02
 3.200e+02  4.000e+00  1.910e-02
 3.200e+02  5.000e+00  1.320e-02
 3.200e+02  6.000e+00  1.040e-02
 3.200e+02  7.000e+00  9.090e-03
 3.200e+02  8.000e+00  8.680e-03
 3.200e+02  9.000e+00  8.840e-03
 3.200e+02  1.000e+01  9.400e-03
 3.200e+02  1.100e+01  1.030e-02
 3.200e+02  1.200e+01  1.140e-02
 3.200e+02  1.300e+01  1.270e-02
 3.200e+02  1.400e+01  1.420e-02
 3.200e+02  1.500e+01  1.590e-02
 3.200e+02  1.600e+01  1.780e-02
 3.200e+02  1.700e+01  1.980e-02
 3.200e+02  1.800e+01  2.200e-02
 3.200e+02  1.900e+01  2.430e-02
 3.200e+02  2.000e+01  2.680e-02
 3.200e+02  2.500e+01  4.120e-02
 3.200e+02  3.000e+01  5.890e-02
 3.200e+02  3.500e+01  8.000e-02
 3.200e+02  4.000e+01  1.040e-01
 3.200e+02  4.500e+01  1.320e-01
 3.200e+02  5.000e+01  1.630e-01
 3.200e+02  5.500e+01  1.970e-01
 3.200e+02  6.000e+01  2.340e-01
