# mhp       tanbeta      NLO_xsec
 4.400e+02  1.000e-01  1.010e+01
 4.400e+02  2.000e-01  2.530e+00
 4.400e+02  3.000e-01  1.120e+00
 4.400e+02  4.000e-01  6.320e-01
 4.400e+02  5.000e-01  4.050e-01
 4.400e+02  6.000e-01  2.810e-01
 4.400e+02  7.000e-01  2.060e-01
 4.400e+02  8.000e-01  1.580e-01
 4.400e+02  9.000e-01  1.250e-01
 4.400e+02  1.000e+00  1.010e-01
 4.400e+02  2.000e+00  2.540e-02
 4.400e+02  3.000e+00  1.140e-02
 4.400e+02  4.000e+00  6.690e-03
 4.400e+02  5.000e+00  4.620e-03
 4.400e+02  6.000e+00  3.640e-03
 4.400e+02  7.000e+00  3.190e-03
 4.400e+02  8.000e+00  3.050e-03
 4.400e+02  9.000e+00  3.110e-03
 4.400e+02  1.000e+01  3.310e-03
 4.400e+02  1.100e+01  3.610e-03
 4.400e+02  1.200e+01  4.010e-03
 4.400e+02  1.300e+01  4.480e-03
 4.400e+02  1.400e+01  5.020e-03
 4.400e+02  1.500e+01  5.620e-03
 4.400e+02  1.600e+01  6.270e-03
 4.400e+02  1.700e+01  6.990e-03
 4.400e+02  1.800e+01  7.750e-03
 4.400e+02  1.900e+01  8.570e-03
 4.400e+02  2.000e+01  9.440e-03
 4.400e+02  2.500e+01  1.450e-02
 4.400e+02  3.000e+01  2.080e-02
 4.400e+02  3.500e+01  2.820e-02
 4.400e+02  4.000e+01  3.680e-02
 4.400e+02  4.500e+01  4.660e-02
 4.400e+02  5.000e+01  5.750e-02
 4.400e+02  5.500e+01  6.950e-02
 4.400e+02  6.000e+01  8.270e-02
