# mhp       tanbeta      NLO_xsec
 8.200e+02  1.000e-01  6.850e-01
 8.200e+02  2.000e-01  1.710e-01
 8.200e+02  3.000e-01  7.610e-02
 8.200e+02  4.000e-01  4.280e-02
 8.200e+02  5.000e-01  2.740e-02
 8.200e+02  6.000e-01  1.900e-02
 8.200e+02  7.000e-01  1.400e-02
 8.200e+02  8.000e-01  1.070e-02
 8.200e+02  9.000e-01  8.460e-03
 8.200e+02  1.000e+00  6.850e-03
 8.200e+02  2.000e+00  1.720e-03
 8.200e+02  3.000e+00  7.750e-04
 8.200e+02  4.000e+00  4.530e-04
 8.200e+02  5.000e+00  3.120e-04
 8.200e+02  6.000e+00  2.450e-04
 8.200e+02  7.000e+00  2.140e-04
 8.200e+02  8.000e+00  2.040e-04
 8.200e+02  9.000e+00  2.080e-04
 8.200e+02  1.000e+01  2.210e-04
 8.200e+02  1.100e+01  2.410e-04
 8.200e+02  1.200e+01  2.660e-04
 8.200e+02  1.300e+01  2.970e-04
 8.200e+02  1.400e+01  3.330e-04
 8.200e+02  1.500e+01  3.720e-04
 8.200e+02  1.600e+01  4.160e-04
 8.200e+02  1.700e+01  4.630e-04
 8.200e+02  1.800e+01  5.140e-04
 8.200e+02  1.900e+01  5.680e-04
 8.200e+02  2.000e+01  6.250e-04
 8.200e+02  2.500e+01  9.610e-04
 8.200e+02  3.000e+01  1.380e-03
 8.200e+02  3.500e+01  1.870e-03
 8.200e+02  4.000e+01  2.440e-03
 8.200e+02  4.500e+01  3.080e-03
 8.200e+02  5.000e+01  3.800e-03
 8.200e+02  5.500e+01  4.600e-03
 8.200e+02  6.000e+01  5.470e-03
