# mhp       tanbeta      NLO_xsec
 2.600e+02  1.000e-01  5.000e+01
 2.600e+02  2.000e-01  1.250e+01
 2.600e+02  3.000e-01  5.560e+00
 2.600e+02  4.000e-01  3.130e+00
 2.600e+02  5.000e-01  2.000e+00
 2.600e+02  6.000e-01  1.390e+00
 2.600e+02  7.000e-01  1.020e+00
 2.600e+02  8.000e-01  7.820e-01
 2.600e+02  9.000e-01  6.180e-01
 2.600e+02  1.000e+00  5.000e-01
 2.600e+02  2.000e+00  1.260e-01
 2.600e+02  3.000e+00  5.660e-02
 2.600e+02  4.000e+00  3.310e-02
 2.600e+02  5.000e+00  2.290e-02
 2.600e+02  6.000e+00  1.810e-02
 2.600e+02  7.000e+00  1.590e-02
 2.600e+02  8.000e+00  1.520e-02
 2.600e+02  9.000e+00  1.560e-02
 2.600e+02  1.000e+01  1.660e-02
 2.600e+02  1.100e+01  1.820e-02
 2.600e+02  1.200e+01  2.020e-02
 2.600e+02  1.300e+01  2.260e-02
 2.600e+02  1.400e+01  2.530e-02
 2.600e+02  1.500e+01  2.830e-02
 2.600e+02  1.600e+01  3.160e-02
 2.600e+02  1.700e+01  3.520e-02
 2.600e+02  1.800e+01  3.910e-02
 2.600e+02  1.900e+01  4.330e-02
 2.600e+02  2.000e+01  4.760e-02
 2.600e+02  2.500e+01  7.330e-02
 2.600e+02  3.000e+01  1.050e-01
 2.600e+02  3.500e+01  1.420e-01
 2.600e+02  4.000e+01  1.860e-01
 2.600e+02  4.500e+01  2.350e-01
 2.600e+02  5.000e+01  2.900e-01
 2.600e+02  5.500e+01  3.510e-01
 2.600e+02  6.000e+01  4.180e-01
