# mhp       tanbeta      NLO_xsec
 8.800e+02  1.000e-01  4.410e-01
 8.800e+02  2.000e-01  1.100e-01
 8.800e+02  3.000e-01  4.900e-02
 8.800e+02  4.000e-01  2.760e-02
 8.800e+02  5.000e-01  1.770e-02
 8.800e+02  6.000e-01  1.230e-02
 8.800e+02  7.000e-01  9.010e-03
 8.800e+02  8.000e-01  6.900e-03
 8.800e+02  9.000e-01  5.450e-03
 8.800e+02  1.000e+00  4.410e-03
 8.800e+02  2.000e+00  1.110e-03
 8.800e+02  3.000e+00  4.990e-04
 8.800e+02  4.000e+00  2.910e-04
 8.800e+02  5.000e+00  2.000e-04
 8.800e+02  6.000e+00  1.570e-04
 8.800e+02  7.000e+00  1.370e-04
 8.800e+02  8.000e+00  1.300e-04
 8.800e+02  9.000e+00  1.320e-04
 8.800e+02  1.000e+01  1.400e-04
 8.800e+02  1.100e+01  1.520e-04
 8.800e+02  1.200e+01  1.690e-04
 8.800e+02  1.300e+01  1.880e-04
 8.800e+02  1.400e+01  2.100e-04
 8.800e+02  1.500e+01  2.350e-04
 8.800e+02  1.600e+01  2.620e-04
 8.800e+02  1.700e+01  2.920e-04
 8.800e+02  1.800e+01  3.240e-04
 8.800e+02  1.900e+01  3.580e-04
 8.800e+02  2.000e+01  3.940e-04
 8.800e+02  2.500e+01  6.060e-04
 8.800e+02  3.000e+01  8.670e-04
 8.800e+02  3.500e+01  1.180e-03
 8.800e+02  4.000e+01  1.540e-03
 8.800e+02  4.500e+01  1.940e-03
 8.800e+02  5.000e+01  2.400e-03
 8.800e+02  5.500e+01  2.900e-03
 8.800e+02  6.000e+01  3.450e-03
