# mhp       tanbeta      NLO_xsec
 7.800e+02  1.000e-01  8.840e-01
 7.800e+02  2.000e-01  2.210e-01
 7.800e+02  3.000e-01  9.820e-02
 7.800e+02  4.000e-01  5.530e-02
 7.800e+02  5.000e-01  3.540e-02
 7.800e+02  6.000e-01  2.460e-02
 7.800e+02  7.000e-01  1.800e-02
 7.800e+02  8.000e-01  1.380e-02
 7.800e+02  9.000e-01  1.090e-02
 7.800e+02  1.000e+00  8.840e-03
 7.800e+02  2.000e+00  2.220e-03
 7.800e+02  3.000e+00  1.000e-03
 7.800e+02  4.000e+00  5.840e-04
 7.800e+02  5.000e+00  4.030e-04
 7.800e+02  6.000e+00  3.160e-04
 7.800e+02  7.000e+00  2.770e-04
 7.800e+02  8.000e+00  2.640e-04
 7.800e+02  9.000e+00  2.680e-04
 7.800e+02  1.000e+01  2.850e-04
 7.800e+02  1.100e+01  3.110e-04
 7.800e+02  1.200e+01  3.440e-04
 7.800e+02  1.300e+01  3.840e-04
 7.800e+02  1.400e+01  4.300e-04
 7.800e+02  1.500e+01  4.810e-04
 7.800e+02  1.600e+01  5.370e-04
 7.800e+02  1.700e+01  5.980e-04
 7.800e+02  1.800e+01  6.640e-04
 7.800e+02  1.900e+01  7.340e-04
 7.800e+02  2.000e+01  8.080e-04
 7.800e+02  2.500e+01  1.240e-03
 7.800e+02  3.000e+01  1.780e-03
 7.800e+02  3.500e+01  2.410e-03
 7.800e+02  4.000e+01  3.150e-03
 7.800e+02  4.500e+01  3.980e-03
 7.800e+02  5.000e+01  4.910e-03
 7.800e+02  5.500e+01  5.940e-03
 7.800e+02  6.000e+01  7.070e-03
