# mhp       tanbeta      NLO_xsec
 8.400e+02  1.000e-01  5.690e-01
 8.400e+02  2.000e-01  1.420e-01
 8.400e+02  3.000e-01  6.330e-02
 8.400e+02  4.000e-01  3.560e-02
 8.400e+02  5.000e-01  2.280e-02
 8.400e+02  6.000e-01  1.580e-02
 8.400e+02  7.000e-01  1.160e-02
 8.400e+02  8.000e-01  8.900e-03
 8.400e+02  9.000e-01  7.030e-03
 8.400e+02  1.000e+00  5.690e-03
 8.400e+02  2.000e+00  1.430e-03
 8.400e+02  3.000e+00  6.440e-04
 8.400e+02  4.000e+00  3.760e-04
 8.400e+02  5.000e+00  2.590e-04
 8.400e+02  6.000e+00  2.030e-04
 8.400e+02  7.000e+00  1.770e-04
 8.400e+02  8.000e+00  1.680e-04
 8.400e+02  9.000e+00  1.700e-04
 8.400e+02  1.000e+01  1.810e-04
 8.400e+02  1.100e+01  1.970e-04
 8.400e+02  1.200e+01  2.180e-04
 8.400e+02  1.300e+01  2.430e-04
 8.400e+02  1.400e+01  2.710e-04
 8.400e+02  1.500e+01  3.040e-04
 8.400e+02  1.600e+01  3.390e-04
 8.400e+02  1.700e+01  3.770e-04
 8.400e+02  1.800e+01  4.180e-04
 8.400e+02  1.900e+01  4.620e-04
 8.400e+02  2.000e+01  5.090e-04
 8.400e+02  2.500e+01  7.820e-04
 8.400e+02  3.000e+01  1.120e-03
 8.400e+02  3.500e+01  1.520e-03
 8.400e+02  4.000e+01  1.980e-03
 8.400e+02  4.500e+01  2.510e-03
 8.400e+02  5.000e+01  3.100e-03
 8.400e+02  5.500e+01  3.740e-03
 8.400e+02  6.000e+01  4.460e-03
