# mhp       tanbeta      NLO_xsec
 2.800e+02  1.000e-01  4.040e+01
 2.800e+02  2.000e-01  1.010e+01
 2.800e+02  3.000e-01  4.490e+00
 2.800e+02  4.000e-01  2.520e+00
 2.800e+02  5.000e-01  1.620e+00
 2.800e+02  6.000e-01  1.120e+00
 2.800e+02  7.000e-01  8.240e-01
 2.800e+02  8.000e-01  6.310e-01
 2.800e+02  9.000e-01  4.990e-01
 2.800e+02  1.000e+00  4.040e-01
 2.800e+02  2.000e+00  1.010e-01
 2.800e+02  3.000e+00  4.570e-02
 2.800e+02  4.000e+00  2.670e-02
 2.800e+02  5.000e+00  1.850e-02
 2.800e+02  6.000e+00  1.460e-02
 2.800e+02  7.000e+00  1.280e-02
 2.800e+02  8.000e+00  1.230e-02
 2.800e+02  9.000e+00  1.260e-02
 2.800e+02  1.000e+01  1.340e-02
 2.800e+02  1.100e+01  1.460e-02
 2.800e+02  1.200e+01  1.630e-02
 2.800e+02  1.300e+01  1.820e-02
 2.800e+02  1.400e+01  2.040e-02
 2.800e+02  1.500e+01  2.280e-02
 2.800e+02  1.600e+01  2.550e-02
 2.800e+02  1.700e+01  2.840e-02
 2.800e+02  1.800e+01  3.150e-02
 2.800e+02  1.900e+01  3.480e-02
 2.800e+02  2.000e+01  3.840e-02
 2.800e+02  2.500e+01  5.900e-02
 2.800e+02  3.000e+01  8.450e-02
 2.800e+02  3.500e+01  1.150e-01
 2.800e+02  4.000e+01  1.500e-01
 2.800e+02  4.500e+01  1.890e-01
 2.800e+02  5.000e+01  2.340e-01
 2.800e+02  5.500e+01  2.830e-01
 2.800e+02  6.000e+01  3.360e-01
