# mhp       tanbeta      NLO_xsec
 7.600e+02  1.000e-01  1.010e+00
 7.600e+02  2.000e-01  2.520e-01
 7.600e+02  3.000e-01  1.120e-01
 7.600e+02  4.000e-01  6.290e-02
 7.600e+02  5.000e-01  4.030e-02
 7.600e+02  6.000e-01  2.800e-02
 7.600e+02  7.000e-01  2.050e-02
 7.600e+02  8.000e-01  1.570e-02
 7.600e+02  9.000e-01  1.240e-02
 7.600e+02  1.000e+00  1.010e-02
 7.600e+02  2.000e+00  2.520e-03
 7.600e+02  3.000e+00  1.140e-03
 7.600e+02  4.000e+00  6.650e-04
 7.600e+02  5.000e+00  4.580e-04
 7.600e+02  6.000e+00  3.600e-04
 7.600e+02  7.000e+00  3.150e-04
 7.600e+02  8.000e+00  3.000e-04
 7.600e+02  9.000e+00  3.050e-04
 7.600e+02  1.000e+01  3.240e-04
 7.600e+02  1.100e+01  3.540e-04
 7.600e+02  1.200e+01  3.920e-04
 7.600e+02  1.300e+01  4.380e-04
 7.600e+02  1.400e+01  4.900e-04
 7.600e+02  1.500e+01  5.480e-04
 7.600e+02  1.600e+01  6.120e-04
 7.600e+02  1.700e+01  6.820e-04
 7.600e+02  1.800e+01  7.560e-04
 7.600e+02  1.900e+01  8.360e-04
 7.600e+02  2.000e+01  9.200e-04
 7.600e+02  2.500e+01  1.410e-03
 7.600e+02  3.000e+01  2.030e-03
 7.600e+02  3.500e+01  2.750e-03
 7.600e+02  4.000e+01  3.590e-03
 7.600e+02  4.500e+01  4.540e-03
 7.600e+02  5.000e+01  5.600e-03
 7.600e+02  5.500e+01  6.770e-03
 7.600e+02  6.000e+01  8.060e-03
