# mhp       tanbeta      NLO_xsec
 1.400e+03  1.000e-01  3.150e-02
 1.400e+03  2.000e-01  7.890e-03
 1.400e+03  3.000e-01  3.510e-03
 1.400e+03  4.000e-01  1.970e-03
 1.400e+03  5.000e-01  1.260e-03
 1.400e+03  6.000e-01  8.760e-04
 1.400e+03  7.000e-01  6.440e-04
 1.400e+03  8.000e-01  4.930e-04
 1.400e+03  9.000e-01  3.900e-04
 1.400e+03  1.000e+00  3.160e-04
 1.400e+03  2.000e+00  7.910e-05
 1.400e+03  3.000e+00  3.570e-05
 1.400e+03  4.000e+00  2.080e-05
 1.400e+03  5.000e+00  1.430e-05
 1.400e+03  6.000e+00  1.120e-05
 1.400e+03  7.000e+00  9.810e-06
 1.400e+03  8.000e+00  9.330e-06
 1.400e+03  9.000e+00  9.470e-06
 1.400e+03  1.000e+01  1.000e-05
 1.400e+03  1.100e+01  1.090e-05
 1.400e+03  1.200e+01  1.210e-05
 1.400e+03  1.300e+01  1.350e-05
 1.400e+03  1.400e+01  1.510e-05
 1.400e+03  1.500e+01  1.690e-05
 1.400e+03  1.600e+01  1.890e-05
 1.400e+03  1.700e+01  2.100e-05
 1.400e+03  1.800e+01  2.330e-05
 1.400e+03  1.900e+01  2.570e-05
 1.400e+03  2.000e+01  2.830e-05
 1.400e+03  2.500e+01  4.350e-05
 1.400e+03  3.000e+01  6.230e-05
 1.400e+03  3.500e+01  8.460e-05
 1.400e+03  4.000e+01  1.100e-04
 1.400e+03  4.500e+01  1.400e-04
 1.400e+03  5.000e+01  1.720e-04
 1.400e+03  5.500e+01  2.080e-04
 1.400e+03  6.000e+01  2.480e-04
