# mhp       tanbeta      NLO_xsec
 7.600e+02  1.000e-01  1.050e+00
 7.600e+02  2.000e-01  2.620e-01
 7.600e+02  3.000e-01  1.170e-01
 7.600e+02  4.000e-01  6.550e-02
 7.600e+02  5.000e-01  4.190e-02
 7.600e+02  6.000e-01  2.910e-02
 7.600e+02  7.000e-01  2.140e-02
 7.600e+02  8.000e-01  1.640e-02
 7.600e+02  9.000e-01  1.290e-02
 7.600e+02  1.000e+00  1.050e-02
 7.600e+02  2.000e+00  2.630e-03
 7.600e+02  3.000e+00  1.190e-03
 7.600e+02  4.000e+00  6.930e-04
 7.600e+02  5.000e+00  4.780e-04
 7.600e+02  6.000e+00  3.750e-04
 7.600e+02  7.000e+00  3.280e-04
 7.600e+02  8.000e+00  3.130e-04
 7.600e+02  9.000e+00  3.180e-04
 7.600e+02  1.000e+01  3.380e-04
 7.600e+02  1.100e+01  3.690e-04
 7.600e+02  1.200e+01  4.090e-04
 7.600e+02  1.300e+01  4.560e-04
 7.600e+02  1.400e+01  5.100e-04
 7.600e+02  1.500e+01  5.710e-04
 7.600e+02  1.600e+01  6.380e-04
 7.600e+02  1.700e+01  7.100e-04
 7.600e+02  1.800e+01  7.880e-04
 7.600e+02  1.900e+01  8.710e-04
 7.600e+02  2.000e+01  9.590e-04
 7.600e+02  2.500e+01  1.470e-03
 7.600e+02  3.000e+01  2.110e-03
 7.600e+02  3.500e+01  2.860e-03
 7.600e+02  4.000e+01  3.740e-03
 7.600e+02  4.500e+01  4.730e-03
 7.600e+02  5.000e+01  5.830e-03
 7.600e+02  5.500e+01  7.060e-03
 7.600e+02  6.000e+01  8.390e-03
