# mhp       tanbeta      NLO_xsec
 3.600e+02  1.000e-01  2.000e+01
 3.600e+02  2.000e-01  4.990e+00
 3.600e+02  3.000e-01  2.220e+00
 3.600e+02  4.000e-01  1.250e+00
 3.600e+02  5.000e-01  7.980e-01
 3.600e+02  6.000e-01  5.540e-01
 3.600e+02  7.000e-01  4.070e-01
 3.600e+02  8.000e-01  3.120e-01
 3.600e+02  9.000e-01  2.460e-01
 3.600e+02  1.000e+00  2.000e-01
 3.600e+02  2.000e+00  5.010e-02
 3.600e+02  3.000e+00  2.260e-02
 3.600e+02  4.000e+00  1.320e-02
 3.600e+02  5.000e+00  9.120e-03
 3.600e+02  6.000e+00  7.190e-03
 3.600e+02  7.000e+00  6.310e-03
 3.600e+02  8.000e+00  6.040e-03
 3.600e+02  9.000e+00  6.160e-03
 3.600e+02  1.000e+01  6.560e-03
 3.600e+02  1.100e+01  7.180e-03
 3.600e+02  1.200e+01  7.960e-03
 3.600e+02  1.300e+01  8.900e-03
 3.600e+02  1.400e+01  9.970e-03
 3.600e+02  1.500e+01  1.120e-02
 3.600e+02  1.600e+01  1.250e-02
 3.600e+02  1.700e+01  1.390e-02
 3.600e+02  1.800e+01  1.540e-02
 3.600e+02  1.900e+01  1.700e-02
 3.600e+02  2.000e+01  1.880e-02
 3.600e+02  2.500e+01  2.890e-02
 3.600e+02  3.000e+01  4.130e-02
 3.600e+02  3.500e+01  5.610e-02
 3.600e+02  4.000e+01  7.320e-02
 3.600e+02  4.500e+01  9.260e-02
 3.600e+02  5.000e+01  1.140e-01
 3.600e+02  5.500e+01  1.380e-01
 3.600e+02  6.000e+01  1.640e-01
