# mhp       tanbeta      NLO_xsec
 7.200e+02  1.000e-01  1.310e+00
 7.200e+02  2.000e-01  3.270e-01
 7.200e+02  3.000e-01  1.450e-01
 7.200e+02  4.000e-01  8.180e-02
 7.200e+02  5.000e-01  5.240e-02
 7.200e+02  6.000e-01  3.640e-02
 7.200e+02  7.000e-01  2.670e-02
 7.200e+02  8.000e-01  2.050e-02
 7.200e+02  9.000e-01  1.620e-02
 7.200e+02  1.000e+00  1.310e-02
 7.200e+02  2.000e+00  3.280e-03
 7.200e+02  3.000e+00  1.480e-03
 7.200e+02  4.000e+00  8.650e-04
 7.200e+02  5.000e+00  5.970e-04
 7.200e+02  6.000e+00  4.690e-04
 7.200e+02  7.000e+00  4.100e-04
 7.200e+02  8.000e+00  3.910e-04
 7.200e+02  9.000e+00  3.980e-04
 7.200e+02  1.000e+01  4.230e-04
 7.200e+02  1.100e+01  4.610e-04
 7.200e+02  1.200e+01  5.110e-04
 7.200e+02  1.300e+01  5.700e-04
 7.200e+02  1.400e+01  6.390e-04
 7.200e+02  1.500e+01  7.150e-04
 7.200e+02  1.600e+01  7.980e-04
 7.200e+02  1.700e+01  8.880e-04
 7.200e+02  1.800e+01  9.860e-04
 7.200e+02  1.900e+01  1.090e-03
 7.200e+02  2.000e+01  1.200e-03
 7.200e+02  2.500e+01  1.840e-03
 7.200e+02  3.000e+01  2.640e-03
 7.200e+02  3.500e+01  3.580e-03
 7.200e+02  4.000e+01  4.680e-03
 7.200e+02  4.500e+01  5.910e-03
 7.200e+02  5.000e+01  7.300e-03
 7.200e+02  5.500e+01  8.830e-03
 7.200e+02  6.000e+01  1.050e-02
