# mhp       tanbeta      NLO_xsec
 3.600e+02  1.000e-01  1.970e+01
 3.600e+02  2.000e-01  4.920e+00
 3.600e+02  3.000e-01  2.190e+00
 3.600e+02  4.000e-01  1.230e+00
 3.600e+02  5.000e-01  7.870e-01
 3.600e+02  6.000e-01  5.460e-01
 3.600e+02  7.000e-01  4.010e-01
 3.600e+02  8.000e-01  3.070e-01
 3.600e+02  9.000e-01  2.430e-01
 3.600e+02  1.000e+00  1.970e-01
 3.600e+02  2.000e+00  4.940e-02
 3.600e+02  3.000e+00  2.230e-02
 3.600e+02  4.000e+00  1.300e-02
 3.600e+02  5.000e+00  8.990e-03
 3.600e+02  6.000e+00  7.080e-03
 3.600e+02  7.000e+00  6.220e-03
 3.600e+02  8.000e+00  5.950e-03
 3.600e+02  9.000e+00  6.080e-03
 3.600e+02  1.000e+01  6.470e-03
 3.600e+02  1.100e+01  7.070e-03
 3.600e+02  1.200e+01  7.850e-03
 3.600e+02  1.300e+01  8.770e-03
 3.600e+02  1.400e+01  9.830e-03
 3.600e+02  1.500e+01  1.100e-02
 3.600e+02  1.600e+01  1.230e-02
 3.600e+02  1.700e+01  1.370e-02
 3.600e+02  1.800e+01  1.520e-02
 3.600e+02  1.900e+01  1.680e-02
 3.600e+02  2.000e+01  1.850e-02
 3.600e+02  2.500e+01  2.850e-02
 3.600e+02  3.000e+01  4.070e-02
 3.600e+02  3.500e+01  5.530e-02
 3.600e+02  4.000e+01  7.220e-02
 3.600e+02  4.500e+01  9.130e-02
 3.600e+02  5.000e+01  1.130e-01
 3.600e+02  5.500e+01  1.360e-01
 3.600e+02  6.000e+01  1.620e-01
