# mhp       tanbeta      NLO_xsec
 6.600e+02  1.000e-01  1.910e+00
 6.600e+02  2.000e-01  4.770e-01
 6.600e+02  3.000e-01  2.120e-01
 6.600e+02  4.000e-01  1.190e-01
 6.600e+02  5.000e-01  7.640e-02
 6.600e+02  6.000e-01  5.300e-02
 6.600e+02  7.000e-01  3.900e-02
 6.600e+02  8.000e-01  2.980e-02
 6.600e+02  9.000e-01  2.360e-02
 6.600e+02  1.000e+00  1.910e-02
 6.600e+02  2.000e+00  4.790e-03
 6.600e+02  3.000e+00  2.160e-03
 6.600e+02  4.000e+00  1.260e-03
 6.600e+02  5.000e+00  8.680e-04
 6.600e+02  6.000e+00  6.810e-04
 6.600e+02  7.000e+00  5.950e-04
 6.600e+02  8.000e+00  5.660e-04
 6.600e+02  9.000e+00  5.750e-04
 6.600e+02  1.000e+01  6.090e-04
 6.600e+02  1.100e+01  6.640e-04
 6.600e+02  1.200e+01  7.350e-04
 6.600e+02  1.300e+01  8.200e-04
 6.600e+02  1.400e+01  9.170e-04
 6.600e+02  1.500e+01  1.030e-03
 6.600e+02  1.600e+01  1.150e-03
 6.600e+02  1.700e+01  1.280e-03
 6.600e+02  1.800e+01  1.410e-03
 6.600e+02  1.900e+01  1.560e-03
 6.600e+02  2.000e+01  1.720e-03
 6.600e+02  2.500e+01  2.650e-03
 6.600e+02  3.000e+01  3.790e-03
 6.600e+02  3.500e+01  5.140e-03
 6.600e+02  4.000e+01  6.710e-03
 6.600e+02  4.500e+01  8.480e-03
 6.600e+02  5.000e+01  1.050e-02
 6.600e+02  5.500e+01  1.270e-02
 6.600e+02  6.000e+01  1.510e-02
