# mhp       tanbeta      NLO_xsec
 2.000e+02  1.000e-01  8.930e+01
 2.000e+02  2.000e-01  2.230e+01
 2.000e+02  3.000e-01  9.930e+00
 2.000e+02  4.000e-01  5.580e+00
 2.000e+02  5.000e-01  3.570e+00
 2.000e+02  6.000e-01  2.480e+00
 2.000e+02  7.000e-01  1.820e+00
 2.000e+02  8.000e-01  1.400e+00
 2.000e+02  9.000e-01  1.100e+00
 2.000e+02  1.000e+00  8.940e-01
 2.000e+02  2.000e+00  2.240e-01
 2.000e+02  3.000e+00  1.010e-01
 2.000e+02  4.000e+00  5.920e-02
 2.000e+02  5.000e+00  4.100e-02
 2.000e+02  6.000e+00  3.230e-02
 2.000e+02  7.000e+00  2.850e-02
 2.000e+02  8.000e+00  2.730e-02
 2.000e+02  9.000e+00  2.800e-02
 2.000e+02  1.000e+01  2.980e-02
 2.000e+02  1.100e+01  3.270e-02
 2.000e+02  1.200e+01  3.630e-02
 2.000e+02  1.300e+01  4.060e-02
 2.000e+02  1.400e+01  4.550e-02
 2.000e+02  1.500e+01  5.100e-02
 2.000e+02  1.600e+01  5.700e-02
 2.000e+02  1.700e+01  6.350e-02
 2.000e+02  1.800e+01  7.050e-02
 2.000e+02  1.900e+01  7.790e-02
 2.000e+02  2.000e+01  8.580e-02
 2.000e+02  2.500e+01  1.320e-01
 2.000e+02  3.000e+01  1.890e-01
 2.000e+02  3.500e+01  2.570e-01
 2.000e+02  4.000e+01  3.350e-01
 2.000e+02  4.500e+01  4.240e-01
 2.000e+02  5.000e+01  5.230e-01
 2.000e+02  5.500e+01  6.330e-01
 2.000e+02  6.000e+01  7.530e-01
