# mhp       tanbeta      NLO_xsec
 2.400e+02  1.000e-01  6.090e+01
 2.400e+02  2.000e-01  1.520e+01
 2.400e+02  3.000e-01  6.760e+00
 2.400e+02  4.000e-01  3.800e+00
 2.400e+02  5.000e-01  2.440e+00
 2.400e+02  6.000e-01  1.690e+00
 2.400e+02  7.000e-01  1.240e+00
 2.400e+02  8.000e-01  9.510e-01
 2.400e+02  9.000e-01  7.520e-01
 2.400e+02  1.000e+00  6.090e-01
 2.400e+02  2.000e+00  1.530e-01
 2.400e+02  3.000e+00  6.890e-02
 2.400e+02  4.000e+00  4.030e-02
 2.400e+02  5.000e+00  2.790e-02
 2.400e+02  6.000e+00  2.200e-02
 2.400e+02  7.000e+00  1.940e-02
 2.400e+02  8.000e+00  1.860e-02
 2.400e+02  9.000e+00  1.900e-02
 2.400e+02  1.000e+01  2.020e-02
 2.400e+02  1.100e+01  2.220e-02
 2.400e+02  1.200e+01  2.460e-02
 2.400e+02  1.300e+01  2.750e-02
 2.400e+02  1.400e+01  3.090e-02
 2.400e+02  1.500e+01  3.460e-02
 2.400e+02  1.600e+01  3.860e-02
 2.400e+02  1.700e+01  4.300e-02
 2.400e+02  1.800e+01  4.770e-02
 2.400e+02  1.900e+01  5.280e-02
 2.400e+02  2.000e+01  5.810e-02
 2.400e+02  2.500e+01  8.940e-02
 2.400e+02  3.000e+01  1.280e-01
 2.400e+02  3.500e+01  1.740e-01
 2.400e+02  4.000e+01  2.270e-01
 2.400e+02  4.500e+01  2.870e-01
 2.400e+02  5.000e+01  3.540e-01
 2.400e+02  5.500e+01  4.280e-01
 2.400e+02  6.000e+01  5.100e-01
