# mhp       tanbeta      NLO_xsec
 2.200e+02  1.000e-01  7.450e+01
 2.200e+02  2.000e-01  1.860e+01
 2.200e+02  3.000e-01  8.270e+00
 2.200e+02  4.000e-01  4.650e+00
 2.200e+02  5.000e-01  2.980e+00
 2.200e+02  6.000e-01  2.070e+00
 2.200e+02  7.000e-01  1.520e+00
 2.200e+02  8.000e-01  1.160e+00
 2.200e+02  9.000e-01  9.200e-01
 2.200e+02  1.000e+00  7.450e-01
 2.200e+02  2.000e+00  1.870e-01
 2.200e+02  3.000e+00  8.430e-02
 2.200e+02  4.000e+00  4.930e-02
 2.200e+02  5.000e+00  3.410e-02
 2.200e+02  6.000e+00  2.690e-02
 2.200e+02  7.000e+00  2.370e-02
 2.200e+02  8.000e+00  2.280e-02
 2.200e+02  9.000e+00  2.330e-02
 2.200e+02  1.000e+01  2.480e-02
 2.200e+02  1.100e+01  2.720e-02
 2.200e+02  1.200e+01  3.020e-02
 2.200e+02  1.300e+01  3.380e-02
 2.200e+02  1.400e+01  3.780e-02
 2.200e+02  1.500e+01  4.240e-02
 2.200e+02  1.600e+01  4.740e-02
 2.200e+02  1.700e+01  5.280e-02
 2.200e+02  1.800e+01  5.860e-02
 2.200e+02  1.900e+01  6.480e-02
 2.200e+02  2.000e+01  7.130e-02
 2.200e+02  2.500e+01  1.100e-01
 2.200e+02  3.000e+01  1.570e-01
 2.200e+02  3.500e+01  2.130e-01
 2.200e+02  4.000e+01  2.780e-01
 2.200e+02  4.500e+01  3.520e-01
 2.200e+02  5.000e+01  4.350e-01
 2.200e+02  5.500e+01  5.260e-01
 2.200e+02  6.000e+01  6.250e-01
