# mhp       tanbeta      NLO_xsec
 3.400e+02  1.000e-01  2.410e+01
 3.400e+02  2.000e-01  6.020e+00
 3.400e+02  3.000e-01  2.680e+00
 3.400e+02  4.000e-01  1.510e+00
 3.400e+02  5.000e-01  9.630e-01
 3.400e+02  6.000e-01  6.690e-01
 3.400e+02  7.000e-01  4.920e-01
 3.400e+02  8.000e-01  3.760e-01
 3.400e+02  9.000e-01  2.970e-01
 3.400e+02  1.000e+00  2.410e-01
 3.400e+02  2.000e+00  6.040e-02
 3.400e+02  3.000e+00  2.720e-02
 3.400e+02  4.000e+00  1.590e-02
 3.400e+02  5.000e+00  1.100e-02
 3.400e+02  6.000e+00  8.640e-03
 3.400e+02  7.000e+00  7.570e-03
 3.400e+02  8.000e+00  7.230e-03
 3.400e+02  9.000e+00  7.360e-03
 3.400e+02  1.000e+01  7.820e-03
 3.400e+02  1.100e+01  8.540e-03
 3.400e+02  1.200e+01  9.470e-03
 3.400e+02  1.300e+01  1.060e-02
 3.400e+02  1.400e+01  1.180e-02
 3.400e+02  1.500e+01  1.330e-02
 3.400e+02  1.600e+01  1.480e-02
 3.400e+02  1.700e+01  1.650e-02
 3.400e+02  1.800e+01  1.830e-02
 3.400e+02  1.900e+01  2.020e-02
 3.400e+02  2.000e+01  2.230e-02
 3.400e+02  2.500e+01  3.420e-02
 3.400e+02  3.000e+01  4.900e-02
 3.400e+02  3.500e+01  6.650e-02
 3.400e+02  4.000e+01  8.680e-02
 3.400e+02  4.500e+01  1.100e-01
 3.400e+02  5.000e+01  1.350e-01
 3.400e+02  5.500e+01  1.640e-01
 3.400e+02  6.000e+01  1.950e-01
