# mhp       tanbeta      NLO_xsec
 6.200e+02  1.000e-01  2.650e+00
 6.200e+02  2.000e-01  6.630e-01
 6.200e+02  3.000e-01  2.950e-01
 6.200e+02  4.000e-01  1.660e-01
 6.200e+02  5.000e-01  1.060e-01
 6.200e+02  6.000e-01  7.360e-02
 6.200e+02  7.000e-01  5.410e-02
 6.200e+02  8.000e-01  4.140e-02
 6.200e+02  9.000e-01  3.270e-02
 6.200e+02  1.000e+00  2.650e-02
 6.200e+02  2.000e+00  6.650e-03
 6.200e+02  3.000e+00  3.000e-03
 6.200e+02  4.000e+00  1.750e-03
 6.200e+02  5.000e+00  1.210e-03
 6.200e+02  6.000e+00  9.500e-04
 6.200e+02  7.000e+00  8.320e-04
 6.200e+02  8.000e+00  7.940e-04
 6.200e+02  9.000e+00  8.080e-04
 6.200e+02  1.000e+01  8.590e-04
 6.200e+02  1.100e+01  9.380e-04
 6.200e+02  1.200e+01  1.040e-03
 6.200e+02  1.300e+01  1.160e-03
 6.200e+02  1.400e+01  1.300e-03
 6.200e+02  1.500e+01  1.450e-03
 6.200e+02  1.600e+01  1.620e-03
 6.200e+02  1.700e+01  1.810e-03
 6.200e+02  1.800e+01  2.010e-03
 6.200e+02  1.900e+01  2.220e-03
 6.200e+02  2.000e+01  2.440e-03
 6.200e+02  2.500e+01  3.750e-03
 6.200e+02  3.000e+01  5.370e-03
 6.200e+02  3.500e+01  7.300e-03
 6.200e+02  4.000e+01  9.520e-03
 6.200e+02  4.500e+01  1.200e-02
 6.200e+02  5.000e+01  1.490e-02
 6.200e+02  5.500e+01  1.800e-02
 6.200e+02  6.000e+01  2.140e-02
