# mhp       tanbeta      NLO_xsec
 4.000e+02  1.000e-01  1.400e+01
 4.000e+02  2.000e-01  3.500e+00
 4.000e+02  3.000e-01  1.560e+00
 4.000e+02  4.000e-01  8.760e-01
 4.000e+02  5.000e-01  5.610e-01
 4.000e+02  6.000e-01  3.890e-01
 4.000e+02  7.000e-01  2.860e-01
 4.000e+02  8.000e-01  2.190e-01
 4.000e+02  9.000e-01  1.730e-01
 4.000e+02  1.000e+00  1.400e-01
 4.000e+02  2.000e+00  3.520e-02
 4.000e+02  3.000e+00  1.590e-02
 4.000e+02  4.000e+00  9.270e-03
 4.000e+02  5.000e+00  6.410e-03
 4.000e+02  6.000e+00  5.040e-03
 4.000e+02  7.000e+00  4.430e-03
 4.000e+02  8.000e+00  4.230e-03
 4.000e+02  9.000e+00  4.320e-03
 4.000e+02  1.000e+01  4.600e-03
 4.000e+02  1.100e+01  5.020e-03
 4.000e+02  1.200e+01  5.570e-03
 4.000e+02  1.300e+01  6.230e-03
 4.000e+02  1.400e+01  6.980e-03
 4.000e+02  1.500e+01  7.810e-03
 4.000e+02  1.600e+01  8.730e-03
 4.000e+02  1.700e+01  9.720e-03
 4.000e+02  1.800e+01  1.080e-02
 4.000e+02  1.900e+01  1.190e-02
 4.000e+02  2.000e+01  1.310e-02
 4.000e+02  2.500e+01  2.020e-02
 4.000e+02  3.000e+01  2.890e-02
 4.000e+02  3.500e+01  3.930e-02
 4.000e+02  4.000e+01  5.120e-02
 4.000e+02  4.500e+01  6.480e-02
 4.000e+02  5.000e+01  7.990e-02
 4.000e+02  5.500e+01  9.670e-02
 4.000e+02  6.000e+01  1.150e-01
