# mhp       tanbeta      NLO_xsec
 9.200e+02  1.000e-01  3.700e-01
 9.200e+02  2.000e-01  9.260e-02
 9.200e+02  3.000e-01  4.120e-02
 9.200e+02  4.000e-01  2.310e-02
 9.200e+02  5.000e-01  1.480e-02
 9.200e+02  6.000e-01  1.030e-02
 9.200e+02  7.000e-01  7.560e-03
 9.200e+02  8.000e-01  5.790e-03
 9.200e+02  9.000e-01  4.570e-03
 9.200e+02  1.000e+00  3.700e-03
 9.200e+02  2.000e+00  9.290e-04
 9.200e+02  3.000e+00  4.190e-04
 9.200e+02  4.000e+00  2.450e-04
 9.200e+02  5.000e+00  1.690e-04
 9.200e+02  6.000e+00  1.320e-04
 9.200e+02  7.000e+00  1.160e-04
 9.200e+02  8.000e+00  1.100e-04
 9.200e+02  9.000e+00  1.120e-04
 9.200e+02  1.000e+01  1.190e-04
 9.200e+02  1.100e+01  1.300e-04
 9.200e+02  1.200e+01  1.440e-04
 9.200e+02  1.300e+01  1.600e-04
 9.200e+02  1.400e+01  1.790e-04
 9.200e+02  1.500e+01  2.010e-04
 9.200e+02  1.600e+01  2.240e-04
 9.200e+02  1.700e+01  2.490e-04
 9.200e+02  1.800e+01  2.770e-04
 9.200e+02  1.900e+01  3.060e-04
 9.200e+02  2.000e+01  3.370e-04
 9.200e+02  2.500e+01  5.170e-04
 9.200e+02  3.000e+01  7.410e-04
 9.200e+02  3.500e+01  1.010e-03
 9.200e+02  4.000e+01  1.310e-03
 9.200e+02  4.500e+01  1.660e-03
 9.200e+02  5.000e+01  2.050e-03
 9.200e+02  5.500e+01  2.480e-03
 9.200e+02  6.000e+01  2.950e-03
