# mhp       tanbeta      NLO_xsec
 8.800e+02  1.000e-01  5.030e-01
 8.800e+02  2.000e-01  1.260e-01
 8.800e+02  3.000e-01  5.590e-02
 8.800e+02  4.000e-01  3.140e-02
 8.800e+02  5.000e-01  2.010e-02
 8.800e+02  6.000e-01  1.400e-02
 8.800e+02  7.000e-01  1.030e-02
 8.800e+02  8.000e-01  7.860e-03
 8.800e+02  9.000e-01  6.210e-03
 8.800e+02  1.000e+00  5.030e-03
 8.800e+02  2.000e+00  1.260e-03
 8.800e+02  3.000e+00  5.690e-04
 8.800e+02  4.000e+00  3.320e-04
 8.800e+02  5.000e+00  2.290e-04
 8.800e+02  6.000e+00  1.800e-04
 8.800e+02  7.000e+00  1.570e-04
 8.800e+02  8.000e+00  1.500e-04
 8.800e+02  9.000e+00  1.520e-04
 8.800e+02  1.000e+01  1.610e-04
 8.800e+02  1.100e+01  1.760e-04
 8.800e+02  1.200e+01  1.950e-04
 8.800e+02  1.300e+01  2.180e-04
 8.800e+02  1.400e+01  2.440e-04
 8.800e+02  1.500e+01  2.720e-04
 8.800e+02  1.600e+01  3.040e-04
 8.800e+02  1.700e+01  3.390e-04
 8.800e+02  1.800e+01  3.760e-04
 8.800e+02  1.900e+01  4.150e-04
 8.800e+02  2.000e+01  4.570e-04
 8.800e+02  2.500e+01  7.030e-04
 8.800e+02  3.000e+01  1.010e-03
 8.800e+02  3.500e+01  1.370e-03
 8.800e+02  4.000e+01  1.780e-03
 8.800e+02  4.500e+01  2.250e-03
 8.800e+02  5.000e+01  2.780e-03
 8.800e+02  5.500e+01  3.360e-03
 8.800e+02  6.000e+01  4.000e-03
