# mhp       tanbeta      NLO_xsec
 3.000e+02  1.000e-01  3.480e+01
 3.000e+02  2.000e-01  8.700e+00
 3.000e+02  3.000e-01  3.870e+00
 3.000e+02  4.000e-01  2.170e+00
 3.000e+02  5.000e-01  1.390e+00
 3.000e+02  6.000e-01  9.660e-01
 3.000e+02  7.000e-01  7.100e-01
 3.000e+02  8.000e-01  5.440e-01
 3.000e+02  9.000e-01  4.300e-01
 3.000e+02  1.000e+00  3.480e-01
 3.000e+02  2.000e+00  8.730e-02
 3.000e+02  3.000e+00  3.940e-02
 3.000e+02  4.000e+00  2.300e-02
 3.000e+02  5.000e+00  1.590e-02
 3.000e+02  6.000e+00  1.250e-02
 3.000e+02  7.000e+00  1.090e-02
 3.000e+02  8.000e+00  1.050e-02
 3.000e+02  9.000e+00  1.070e-02
 3.000e+02  1.000e+01  1.130e-02
 3.000e+02  1.100e+01  1.240e-02
 3.000e+02  1.200e+01  1.370e-02
 3.000e+02  1.300e+01  1.530e-02
 3.000e+02  1.400e+01  1.720e-02
 3.000e+02  1.500e+01  1.920e-02
 3.000e+02  1.600e+01  2.150e-02
 3.000e+02  1.700e+01  2.390e-02
 3.000e+02  1.800e+01  2.650e-02
 3.000e+02  1.900e+01  2.930e-02
 3.000e+02  2.000e+01  3.230e-02
 3.000e+02  2.500e+01  4.970e-02
 3.000e+02  3.000e+01  7.110e-02
 3.000e+02  3.500e+01  9.650e-02
 3.000e+02  4.000e+01  1.260e-01
 3.000e+02  4.500e+01  1.590e-01
 3.000e+02  5.000e+01  1.970e-01
 3.000e+02  5.500e+01  2.380e-01
 3.000e+02  6.000e+01  2.830e-01
