# mhp       tanbeta      NLO_xsec
 9.000e+02  1.000e-01  4.180e-01
 9.000e+02  2.000e-01  1.040e-01
 9.000e+02  3.000e-01  4.640e-02
 9.000e+02  4.000e-01  2.610e-02
 9.000e+02  5.000e-01  1.670e-02
 9.000e+02  6.000e-01  1.160e-02
 9.000e+02  7.000e-01  8.530e-03
 9.000e+02  8.000e-01  6.530e-03
 9.000e+02  9.000e-01  5.160e-03
 9.000e+02  1.000e+00  4.180e-03
 9.000e+02  2.000e+00  1.050e-03
 9.000e+02  3.000e+00  4.730e-04
 9.000e+02  4.000e+00  2.760e-04
 9.000e+02  5.000e+00  1.900e-04
 9.000e+02  6.000e+00  1.490e-04
 9.000e+02  7.000e+00  1.310e-04
 9.000e+02  8.000e+00  1.240e-04
 9.000e+02  9.000e+00  1.260e-04
 9.000e+02  1.000e+01  1.340e-04
 9.000e+02  1.100e+01  1.460e-04
 9.000e+02  1.200e+01  1.620e-04
 9.000e+02  1.300e+01  1.810e-04
 9.000e+02  1.400e+01  2.020e-04
 9.000e+02  1.500e+01  2.260e-04
 9.000e+02  1.600e+01  2.530e-04
 9.000e+02  1.700e+01  2.810e-04
 9.000e+02  1.800e+01  3.120e-04
 9.000e+02  1.900e+01  3.450e-04
 9.000e+02  2.000e+01  3.800e-04
 9.000e+02  2.500e+01  5.840e-04
 9.000e+02  3.000e+01  8.360e-04
 9.000e+02  3.500e+01  1.140e-03
 9.000e+02  4.000e+01  1.480e-03
 9.000e+02  4.500e+01  1.870e-03
 9.000e+02  5.000e+01  2.310e-03
 9.000e+02  5.500e+01  2.800e-03
 9.000e+02  6.000e+01  3.330e-03
