# mhp       tanbeta      NLO_xsec
 4.600e+02  1.000e-01  8.630e+00
 4.600e+02  2.000e-01  2.160e+00
 4.600e+02  3.000e-01  9.590e-01
 4.600e+02  4.000e-01  5.390e-01
 4.600e+02  5.000e-01  3.450e-01
 4.600e+02  6.000e-01  2.400e-01
 4.600e+02  7.000e-01  1.760e-01
 4.600e+02  8.000e-01  1.350e-01
 4.600e+02  9.000e-01  1.070e-01
 4.600e+02  1.000e+00  8.630e-02
 4.600e+02  2.000e+00  2.170e-02
 4.600e+02  3.000e+00  9.770e-03
 4.600e+02  4.000e+00  5.710e-03
 4.600e+02  5.000e+00  3.940e-03
 4.600e+02  6.000e+00  3.100e-03
 4.600e+02  7.000e+00  2.720e-03
 4.600e+02  8.000e+00  2.600e-03
 4.600e+02  9.000e+00  2.650e-03
 4.600e+02  1.000e+01  2.820e-03
 4.600e+02  1.100e+01  3.080e-03
 4.600e+02  1.200e+01  3.420e-03
 4.600e+02  1.300e+01  3.820e-03
 4.600e+02  1.400e+01  4.270e-03
 4.600e+02  1.500e+01  4.780e-03
 4.600e+02  1.600e+01  5.340e-03
 4.600e+02  1.700e+01  5.950e-03
 4.600e+02  1.800e+01  6.600e-03
 4.600e+02  1.900e+01  7.300e-03
 4.600e+02  2.000e+01  8.040e-03
 4.600e+02  2.500e+01  1.240e-02
 4.600e+02  3.000e+01  1.770e-02
 4.600e+02  3.500e+01  2.400e-02
 4.600e+02  4.000e+01  3.140e-02
 4.600e+02  4.500e+01  3.970e-02
 4.600e+02  5.000e+01  4.890e-02
 4.600e+02  5.500e+01  5.920e-02
 4.600e+02  6.000e+01  7.040e-02
