# mhp       tanbeta      NLO_xsec
 5.800e+02  1.000e-01  3.410e+00
 5.800e+02  2.000e-01  8.520e-01
 5.800e+02  3.000e-01  3.790e-01
 5.800e+02  4.000e-01  2.130e-01
 5.800e+02  5.000e-01  1.360e-01
 5.800e+02  6.000e-01  9.470e-02
 5.800e+02  7.000e-01  6.960e-02
 5.800e+02  8.000e-01  5.330e-02
 5.800e+02  9.000e-01  4.210e-02
 5.800e+02  1.000e+00  3.410e-02
 5.800e+02  2.000e+00  8.550e-03
 5.800e+02  3.000e+00  3.850e-03
 5.800e+02  4.000e+00  2.250e-03
 5.800e+02  5.000e+00  1.550e-03
 5.800e+02  6.000e+00  1.220e-03
 5.800e+02  7.000e+00  1.060e-03
 5.800e+02  8.000e+00  1.010e-03
 5.800e+02  9.000e+00  1.030e-03
 5.800e+02  1.000e+01  1.090e-03
 5.800e+02  1.100e+01  1.190e-03
 5.800e+02  1.200e+01  1.320e-03
 5.800e+02  1.300e+01  1.470e-03
 5.800e+02  1.400e+01  1.640e-03
 5.800e+02  1.500e+01  1.840e-03
 5.800e+02  1.600e+01  2.050e-03
 5.800e+02  1.700e+01  2.290e-03
 5.800e+02  1.800e+01  2.540e-03
 5.800e+02  1.900e+01  2.800e-03
 5.800e+02  2.000e+01  3.090e-03
 5.800e+02  2.500e+01  4.740e-03
 5.800e+02  3.000e+01  6.790e-03
 5.800e+02  3.500e+01  9.220e-03
 5.800e+02  4.000e+01  1.200e-02
 5.800e+02  4.500e+01  1.520e-02
 5.800e+02  5.000e+01  1.880e-02
 5.800e+02  5.500e+01  2.270e-02
 5.800e+02  6.000e+01  2.700e-02
