# mhp       tanbeta      NLO_xsec
 7.400e+02  1.000e-01  1.150e+00
 7.400e+02  2.000e-01  2.870e-01
 7.400e+02  3.000e-01  1.270e-01
 7.400e+02  4.000e-01  7.170e-02
 7.400e+02  5.000e-01  4.590e-02
 7.400e+02  6.000e-01  3.190e-02
 7.400e+02  7.000e-01  2.340e-02
 7.400e+02  8.000e-01  1.790e-02
 7.400e+02  9.000e-01  1.420e-02
 7.400e+02  1.000e+00  1.150e-02
 7.400e+02  2.000e+00  2.880e-03
 7.400e+02  3.000e+00  1.300e-03
 7.400e+02  4.000e+00  7.580e-04
 7.400e+02  5.000e+00  5.230e-04
 7.400e+02  6.000e+00  4.100e-04
 7.400e+02  7.000e+00  3.590e-04
 7.400e+02  8.000e+00  3.430e-04
 7.400e+02  9.000e+00  3.480e-04
 7.400e+02  1.000e+01  3.700e-04
 7.400e+02  1.100e+01  4.040e-04
 7.400e+02  1.200e+01  4.470e-04
 7.400e+02  1.300e+01  4.990e-04
 7.400e+02  1.400e+01  5.590e-04
 7.400e+02  1.500e+01  6.250e-04
 7.400e+02  1.600e+01  6.980e-04
 7.400e+02  1.700e+01  7.780e-04
 7.400e+02  1.800e+01  8.630e-04
 7.400e+02  1.900e+01  9.530e-04
 7.400e+02  2.000e+01  1.050e-03
 7.400e+02  2.500e+01  1.610e-03
 7.400e+02  3.000e+01  2.310e-03
 7.400e+02  3.500e+01  3.140e-03
 7.400e+02  4.000e+01  4.090e-03
 7.400e+02  4.500e+01  5.180e-03
 7.400e+02  5.000e+01  6.390e-03
 7.400e+02  5.500e+01  7.730e-03
 7.400e+02  6.000e+01  9.190e-03
