# mhp       tanbeta      NLO_xsec
 8.600e+02  1.000e-01  5.340e-01
 8.600e+02  2.000e-01  1.330e-01
 8.600e+02  3.000e-01  5.930e-02
 8.600e+02  4.000e-01  3.340e-02
 8.600e+02  5.000e-01  2.140e-02
 8.600e+02  6.000e-01  1.480e-02
 8.600e+02  7.000e-01  1.090e-02
 8.600e+02  8.000e-01  8.340e-03
 8.600e+02  9.000e-01  6.590e-03
 8.600e+02  1.000e+00  5.340e-03
 8.600e+02  2.000e+00  1.340e-03
 8.600e+02  3.000e+00  6.040e-04
 8.600e+02  4.000e+00  3.530e-04
 8.600e+02  5.000e+00  2.430e-04
 8.600e+02  6.000e+00  1.910e-04
 8.600e+02  7.000e+00  1.670e-04
 8.600e+02  8.000e+00  1.590e-04
 8.600e+02  9.000e+00  1.620e-04
 8.600e+02  1.000e+01  1.720e-04
 8.600e+02  1.100e+01  1.870e-04
 8.600e+02  1.200e+01  2.070e-04
 8.600e+02  1.300e+01  2.310e-04
 8.600e+02  1.400e+01  2.590e-04
 8.600e+02  1.500e+01  2.900e-04
 8.600e+02  1.600e+01  3.230e-04
 8.600e+02  1.700e+01  3.600e-04
 8.600e+02  1.800e+01  3.990e-04
 8.600e+02  1.900e+01  4.420e-04
 8.600e+02  2.000e+01  4.860e-04
 8.600e+02  2.500e+01  7.470e-04
 8.600e+02  3.000e+01  1.070e-03
 8.600e+02  3.500e+01  1.450e-03
 8.600e+02  4.000e+01  1.890e-03
 8.600e+02  4.500e+01  2.400e-03
 8.600e+02  5.000e+01  2.960e-03
 8.600e+02  5.500e+01  3.580e-03
 8.600e+02  6.000e+01  4.260e-03
