# mhp       tanbeta      NLO_xsec
 3.200e+02  1.000e-01  2.850e+01
 3.200e+02  2.000e-01  7.120e+00
 3.200e+02  3.000e-01  3.170e+00
 3.200e+02  4.000e-01  1.780e+00
 3.200e+02  5.000e-01  1.140e+00
 3.200e+02  6.000e-01  7.910e-01
 3.200e+02  7.000e-01  5.810e-01
 3.200e+02  8.000e-01  4.450e-01
 3.200e+02  9.000e-01  3.520e-01
 3.200e+02  1.000e+00  2.850e-01
 3.200e+02  2.000e+00  7.150e-02
 3.200e+02  3.000e+00  3.220e-02
 3.200e+02  4.000e+00  1.890e-02
 3.200e+02  5.000e+00  1.300e-02
 3.200e+02  6.000e+00  1.030e-02
 3.200e+02  7.000e+00  9.020e-03
 3.200e+02  8.000e+00  8.640e-03
 3.200e+02  9.000e+00  8.820e-03
 3.200e+02  1.000e+01  9.400e-03
 3.200e+02  1.100e+01  1.030e-02
 3.200e+02  1.200e+01  1.140e-02
 3.200e+02  1.300e+01  1.280e-02
 3.200e+02  1.400e+01  1.430e-02
 3.200e+02  1.500e+01  1.600e-02
 3.200e+02  1.600e+01  1.790e-02
 3.200e+02  1.700e+01  1.990e-02
 3.200e+02  1.800e+01  2.210e-02
 3.200e+02  1.900e+01  2.440e-02
 3.200e+02  2.000e+01  2.690e-02
 3.200e+02  2.500e+01  4.140e-02
 3.200e+02  3.000e+01  5.930e-02
 3.200e+02  3.500e+01  8.050e-02
 3.200e+02  4.000e+01  1.050e-01
 3.200e+02  4.500e+01  1.330e-01
 3.200e+02  5.000e+01  1.640e-01
 3.200e+02  5.500e+01  1.980e-01
 3.200e+02  6.000e+01  2.360e-01
