# mhp       tanbeta      NLO_xsec
 4.400e+02  1.000e-01  1.020e+01
 4.400e+02  2.000e-01  2.550e+00
 4.400e+02  3.000e-01  1.130e+00
 4.400e+02  4.000e-01  6.370e-01
 4.400e+02  5.000e-01  4.070e-01
 4.400e+02  6.000e-01  2.830e-01
 4.400e+02  7.000e-01  2.080e-01
 4.400e+02  8.000e-01  1.590e-01
 4.400e+02  9.000e-01  1.260e-01
 4.400e+02  1.000e+00  1.020e-01
 4.400e+02  2.000e+00  2.560e-02
 4.400e+02  3.000e+00  1.150e-02
 4.400e+02  4.000e+00  6.730e-03
 4.400e+02  5.000e+00  4.640e-03
 4.400e+02  6.000e+00  3.640e-03
 4.400e+02  7.000e+00  3.190e-03
 4.400e+02  8.000e+00  3.040e-03
 4.400e+02  9.000e+00  3.090e-03
 4.400e+02  1.000e+01  3.280e-03
 4.400e+02  1.100e+01  3.580e-03
 4.400e+02  1.200e+01  3.970e-03
 4.400e+02  1.300e+01  4.430e-03
 4.400e+02  1.400e+01  4.960e-03
 4.400e+02  1.500e+01  5.550e-03
 4.400e+02  1.600e+01  6.200e-03
 4.400e+02  1.700e+01  6.900e-03
 4.400e+02  1.800e+01  7.660e-03
 4.400e+02  1.900e+01  8.460e-03
 4.400e+02  2.000e+01  9.320e-03
 4.400e+02  2.500e+01  1.430e-02
 4.400e+02  3.000e+01  2.050e-02
 4.400e+02  3.500e+01  2.780e-02
 4.400e+02  4.000e+01  3.630e-02
 4.400e+02  4.500e+01  4.590e-02
 4.400e+02  5.000e+01  5.670e-02
 4.400e+02  5.500e+01  6.860e-02
 4.400e+02  6.000e+01  8.160e-02
