# mhp       tanbeta      NLO_xsec
 4.800e+02  1.000e-01  7.380e+00
 4.800e+02  2.000e-01  1.850e+00
 4.800e+02  3.000e-01  8.200e-01
 4.800e+02  4.000e-01  4.620e-01
 4.800e+02  5.000e-01  2.950e-01
 4.800e+02  6.000e-01  2.050e-01
 4.800e+02  7.000e-01  1.510e-01
 4.800e+02  8.000e-01  1.150e-01
 4.800e+02  9.000e-01  9.120e-02
 4.800e+02  1.000e+00  7.390e-02
 4.800e+02  2.000e+00  1.850e-02
 4.800e+02  3.000e+00  8.350e-03
 4.800e+02  4.000e+00  4.880e-03
 4.800e+02  5.000e+00  3.370e-03
 4.800e+02  6.000e+00  2.650e-03
 4.800e+02  7.000e+00  2.330e-03
 4.800e+02  8.000e+00  2.220e-03
 4.800e+02  9.000e+00  2.260e-03
 4.800e+02  1.000e+01  2.410e-03
 4.800e+02  1.100e+01  2.630e-03
 4.800e+02  1.200e+01  2.920e-03
 4.800e+02  1.300e+01  3.260e-03
 4.800e+02  1.400e+01  3.650e-03
 4.800e+02  1.500e+01  4.090e-03
 4.800e+02  1.600e+01  4.570e-03
 4.800e+02  1.700e+01  5.080e-03
 4.800e+02  1.800e+01  5.640e-03
 4.800e+02  1.900e+01  6.240e-03
 4.800e+02  2.000e+01  6.870e-03
 4.800e+02  2.500e+01  1.060e-02
 4.800e+02  3.000e+01  1.510e-02
 4.800e+02  3.500e+01  2.050e-02
 4.800e+02  4.000e+01  2.680e-02
 4.800e+02  4.500e+01  3.390e-02
 4.800e+02  5.000e+01  4.180e-02
 4.800e+02  5.500e+01  5.060e-02
 4.800e+02  6.000e+01  6.020e-02
