# mhp       tanbeta      NLO_xsec
 6.800e+02  1.000e-01  1.710e+00
 6.800e+02  2.000e-01  4.290e-01
 6.800e+02  3.000e-01  1.900e-01
 6.800e+02  4.000e-01  1.070e-01
 6.800e+02  5.000e-01  6.860e-02
 6.800e+02  6.000e-01  4.760e-02
 6.800e+02  7.000e-01  3.500e-02
 6.800e+02  8.000e-01  2.680e-02
 6.800e+02  9.000e-01  2.120e-02
 6.800e+02  1.000e+00  1.710e-02
 6.800e+02  2.000e+00  4.300e-03
 6.800e+02  3.000e+00  1.940e-03
 6.800e+02  4.000e+00  1.130e-03
 6.800e+02  5.000e+00  7.810e-04
 6.800e+02  6.000e+00  6.140e-04
 6.800e+02  7.000e+00  5.370e-04
 6.800e+02  8.000e+00  5.130e-04
 6.800e+02  9.000e+00  5.220e-04
 6.800e+02  1.000e+01  5.540e-04
 6.800e+02  1.100e+01  6.050e-04
 6.800e+02  1.200e+01  6.700e-04
 6.800e+02  1.300e+01  7.480e-04
 6.800e+02  1.400e+01  8.380e-04
 6.800e+02  1.500e+01  9.370e-04
 6.800e+02  1.600e+01  1.050e-03
 6.800e+02  1.700e+01  1.170e-03
 6.800e+02  1.800e+01  1.290e-03
 6.800e+02  1.900e+01  1.430e-03
 6.800e+02  2.000e+01  1.570e-03
 6.800e+02  2.500e+01  2.420e-03
 6.800e+02  3.000e+01  3.460e-03
 6.800e+02  3.500e+01  4.700e-03
 6.800e+02  4.000e+01  6.130e-03
 6.800e+02  4.500e+01  7.760e-03
 6.800e+02  5.000e+01  9.580e-03
 6.800e+02  5.500e+01  1.160e-02
 6.800e+02  6.000e+01  1.380e-02
