# mhp       tanbeta      NLO_xsec
 9.400e+02  1.000e-01  3.040e-01
 9.400e+02  2.000e-01  7.590e-02
 9.400e+02  3.000e-01  3.380e-02
 9.400e+02  4.000e-01  1.900e-02
 9.400e+02  5.000e-01  1.220e-02
 9.400e+02  6.000e-01  8.440e-03
 9.400e+02  7.000e-01  6.200e-03
 9.400e+02  8.000e-01  4.750e-03
 9.400e+02  9.000e-01  3.750e-03
 9.400e+02  1.000e+00  3.040e-03
 9.400e+02  2.000e+00  7.620e-04
 9.400e+02  3.000e+00  3.430e-04
 9.400e+02  4.000e+00  2.000e-04
 9.400e+02  5.000e+00  1.380e-04
 9.400e+02  6.000e+00  1.080e-04
 9.400e+02  7.000e+00  9.420e-05
 9.400e+02  8.000e+00  8.960e-05
 9.400e+02  9.000e+00  9.080e-05
 9.400e+02  1.000e+01  9.620e-05
 9.400e+02  1.100e+01  1.050e-04
 9.400e+02  1.200e+01  1.160e-04
 9.400e+02  1.300e+01  1.290e-04
 9.400e+02  1.400e+01  1.440e-04
 9.400e+02  1.500e+01  1.620e-04
 9.400e+02  1.600e+01  1.800e-04
 9.400e+02  1.700e+01  2.010e-04
 9.400e+02  1.800e+01  2.230e-04
 9.400e+02  1.900e+01  2.460e-04
 9.400e+02  2.000e+01  2.710e-04
 9.400e+02  2.500e+01  4.160e-04
 9.400e+02  3.000e+01  5.950e-04
 9.400e+02  3.500e+01  8.080e-04
 9.400e+02  4.000e+01  1.050e-03
 9.400e+02  4.500e+01  1.330e-03
 9.400e+02  5.000e+01  1.650e-03
 9.400e+02  5.500e+01  1.990e-03
 9.400e+02  6.000e+01  2.370e-03
