# mhp       tanbeta      NLO_xsec
 1.000e+03  1.000e-01  2.110e-01
 1.000e+03  2.000e-01  5.270e-02
 1.000e+03  3.000e-01  2.340e-02
 1.000e+03  4.000e-01  1.320e-02
 1.000e+03  5.000e-01  8.440e-03
 1.000e+03  6.000e-01  5.860e-03
 1.000e+03  7.000e-01  4.300e-03
 1.000e+03  8.000e-01  3.300e-03
 1.000e+03  9.000e-01  2.600e-03
 1.000e+03  1.000e+00  2.110e-03
 1.000e+03  2.000e+00  5.290e-04
 1.000e+03  3.000e+00  2.380e-04
 1.000e+03  4.000e+00  1.390e-04
 1.000e+03  5.000e+00  9.580e-05
 1.000e+03  6.000e+00  7.500e-05
 1.000e+03  7.000e+00  6.540e-05
 1.000e+03  8.000e+00  6.210e-05
 1.000e+03  9.000e+00  6.300e-05
 1.000e+03  1.000e+01  6.670e-05
 1.000e+03  1.100e+01  7.260e-05
 1.000e+03  1.200e+01  8.030e-05
 1.000e+03  1.300e+01  8.950e-05
 1.000e+03  1.400e+01  1.000e-04
 1.000e+03  1.500e+01  1.120e-04
 1.000e+03  1.600e+01  1.250e-04
 1.000e+03  1.700e+01  1.390e-04
 1.000e+03  1.800e+01  1.540e-04
 1.000e+03  1.900e+01  1.700e-04
 1.000e+03  2.000e+01  1.880e-04
 1.000e+03  2.500e+01  2.880e-04
 1.000e+03  3.000e+01  4.130e-04
 1.000e+03  3.500e+01  5.600e-04
 1.000e+03  4.000e+01  7.310e-04
 1.000e+03  4.500e+01  9.240e-04
 1.000e+03  5.000e+01  1.140e-03
 1.000e+03  5.500e+01  1.380e-03
 1.000e+03  6.000e+01  1.640e-03
