# mhp       tanbeta      NLO_xsec
 9.400e+02  1.000e-01  3.290e-01
 9.400e+02  2.000e-01  8.210e-02
 9.400e+02  3.000e-01  3.650e-02
 9.400e+02  4.000e-01  2.050e-02
 9.400e+02  5.000e-01  1.310e-02
 9.400e+02  6.000e-01  9.130e-03
 9.400e+02  7.000e-01  6.710e-03
 9.400e+02  8.000e-01  5.130e-03
 9.400e+02  9.000e-01  4.060e-03
 9.400e+02  1.000e+00  3.290e-03
 9.400e+02  2.000e+00  8.240e-04
 9.400e+02  3.000e+00  3.720e-04
 9.400e+02  4.000e+00  2.170e-04
 9.400e+02  5.000e+00  1.500e-04
 9.400e+02  6.000e+00  1.170e-04
 9.400e+02  7.000e+00  1.030e-04
 9.400e+02  8.000e+00  9.780e-05
 9.400e+02  9.000e+00  9.930e-05
 9.400e+02  1.000e+01  1.050e-04
 9.400e+02  1.100e+01  1.150e-04
 9.400e+02  1.200e+01  1.270e-04
 9.400e+02  1.300e+01  1.420e-04
 9.400e+02  1.400e+01  1.590e-04
 9.400e+02  1.500e+01  1.780e-04
 9.400e+02  1.600e+01  1.990e-04
 9.400e+02  1.700e+01  2.210e-04
 9.400e+02  1.800e+01  2.450e-04
 9.400e+02  1.900e+01  2.710e-04
 9.400e+02  2.000e+01  2.980e-04
 9.400e+02  2.500e+01  4.590e-04
 9.400e+02  3.000e+01  6.570e-04
 9.400e+02  3.500e+01  8.910e-04
 9.400e+02  4.000e+01  1.160e-03
 9.400e+02  4.500e+01  1.470e-03
 9.400e+02  5.000e+01  1.820e-03
 9.400e+02  5.500e+01  2.200e-03
 9.400e+02  6.000e+01  2.610e-03
