# mhp       tanbeta      NLO_xsec
 7.000e+02  1.000e-01  1.440e+00
 7.000e+02  2.000e-01  3.610e-01
 7.000e+02  3.000e-01  1.600e-01
 7.000e+02  4.000e-01  9.030e-02
 7.000e+02  5.000e-01  5.780e-02
 7.000e+02  6.000e-01  4.010e-02
 7.000e+02  7.000e-01  2.950e-02
 7.000e+02  8.000e-01  2.260e-02
 7.000e+02  9.000e-01  1.780e-02
 7.000e+02  1.000e+00  1.440e-02
 7.000e+02  2.000e+00  3.620e-03
 7.000e+02  3.000e+00  1.630e-03
 7.000e+02  4.000e+00  9.530e-04
 7.000e+02  5.000e+00  6.570e-04
 7.000e+02  6.000e+00  5.150e-04
 7.000e+02  7.000e+00  4.490e-04
 7.000e+02  8.000e+00  4.280e-04
 7.000e+02  9.000e+00  4.340e-04
 7.000e+02  1.000e+01  4.600e-04
 7.000e+02  1.100e+01  5.010e-04
 7.000e+02  1.200e+01  5.550e-04
 7.000e+02  1.300e+01  6.190e-04
 7.000e+02  1.400e+01  6.930e-04
 7.000e+02  1.500e+01  7.750e-04
 7.000e+02  1.600e+01  8.650e-04
 7.000e+02  1.700e+01  9.620e-04
 7.000e+02  1.800e+01  1.070e-03
 7.000e+02  1.900e+01  1.180e-03
 7.000e+02  2.000e+01  1.300e-03
 7.000e+02  2.500e+01  2.000e-03
 7.000e+02  3.000e+01  2.860e-03
 7.000e+02  3.500e+01  3.880e-03
 7.000e+02  4.000e+01  5.060e-03
 7.000e+02  4.500e+01  6.400e-03
 7.000e+02  5.000e+01  7.900e-03
 7.000e+02  5.500e+01  9.560e-03
 7.000e+02  6.000e+01  1.140e-02
