# mhp       tanbeta      NLO_xsec
 4.800e+02  1.000e-01  7.360e+00
 4.800e+02  2.000e-01  1.840e+00
 4.800e+02  3.000e-01  8.180e-01
 4.800e+02  4.000e-01  4.600e-01
 4.800e+02  5.000e-01  2.940e-01
 4.800e+02  6.000e-01  2.040e-01
 4.800e+02  7.000e-01  1.500e-01
 4.800e+02  8.000e-01  1.150e-01
 4.800e+02  9.000e-01  9.090e-02
 4.800e+02  1.000e+00  7.360e-02
 4.800e+02  2.000e+00  1.850e-02
 4.800e+02  3.000e+00  8.330e-03
 4.800e+02  4.000e+00  4.860e-03
 4.800e+02  5.000e+00  3.350e-03
 4.800e+02  6.000e+00  2.630e-03
 4.800e+02  7.000e+00  2.300e-03
 4.800e+02  8.000e+00  2.190e-03
 4.800e+02  9.000e+00  2.230e-03
 4.800e+02  1.000e+01  2.370e-03
 4.800e+02  1.100e+01  2.580e-03
 4.800e+02  1.200e+01  2.860e-03
 4.800e+02  1.300e+01  3.190e-03
 4.800e+02  1.400e+01  3.570e-03
 4.800e+02  1.500e+01  4.000e-03
 4.800e+02  1.600e+01  4.470e-03
 4.800e+02  1.700e+01  4.970e-03
 4.800e+02  1.800e+01  5.520e-03
 4.800e+02  1.900e+01  6.100e-03
 4.800e+02  2.000e+01  6.710e-03
 4.800e+02  2.500e+01  1.030e-02
 4.800e+02  3.000e+01  1.480e-02
 4.800e+02  3.500e+01  2.010e-02
 4.800e+02  4.000e+01  2.620e-02
 4.800e+02  4.500e+01  3.310e-02
 4.800e+02  5.000e+01  4.080e-02
 4.800e+02  5.500e+01  4.940e-02
 4.800e+02  6.000e+01  5.880e-02
