# mhp       tanbeta      NLO_xsec
 3.800e+02  1.000e-01  1.690e+01
 3.800e+02  2.000e-01  4.230e+00
 3.800e+02  3.000e-01  1.880e+00
 3.800e+02  4.000e-01  1.060e+00
 3.800e+02  5.000e-01  6.770e-01
 3.800e+02  6.000e-01  4.700e-01
 3.800e+02  7.000e-01  3.450e-01
 3.800e+02  8.000e-01  2.640e-01
 3.800e+02  9.000e-01  2.090e-01
 3.800e+02  1.000e+00  1.690e-01
 3.800e+02  2.000e+00  4.240e-02
 3.800e+02  3.000e+00  1.910e-02
 3.800e+02  4.000e+00  1.120e-02
 3.800e+02  5.000e+00  7.710e-03
 3.800e+02  6.000e+00  6.060e-03
 3.800e+02  7.000e+00  5.310e-03
 3.800e+02  8.000e+00  5.060e-03
 3.800e+02  9.000e+00  5.150e-03
 3.800e+02  1.000e+01  5.480e-03
 3.800e+02  1.100e+01  5.980e-03
 3.800e+02  1.200e+01  6.620e-03
 3.800e+02  1.300e+01  7.400e-03
 3.800e+02  1.400e+01  8.280e-03
 3.800e+02  1.500e+01  9.270e-03
 3.800e+02  1.600e+01  1.040e-02
 3.800e+02  1.700e+01  1.150e-02
 3.800e+02  1.800e+01  1.280e-02
 3.800e+02  1.900e+01  1.410e-02
 3.800e+02  2.000e+01  1.560e-02
 3.800e+02  2.500e+01  2.390e-02
 3.800e+02  3.000e+01  3.430e-02
 3.800e+02  3.500e+01  4.650e-02
 3.800e+02  4.000e+01  6.070e-02
 3.800e+02  4.500e+01  7.670e-02
 3.800e+02  5.000e+01  9.470e-02
 3.800e+02  5.500e+01  1.150e-01
 3.800e+02  6.000e+01  1.360e-01
