# mhp       tanbeta      NLO_xsec
 6.400e+02  1.000e-01  2.310e+00
 6.400e+02  2.000e-01  5.770e-01
 6.400e+02  3.000e-01  2.570e-01
 6.400e+02  4.000e-01  1.440e-01
 6.400e+02  5.000e-01  9.240e-02
 6.400e+02  6.000e-01  6.420e-02
 6.400e+02  7.000e-01  4.710e-02
 6.400e+02  8.000e-01  3.610e-02
 6.400e+02  9.000e-01  2.850e-02
 6.400e+02  1.000e+00  2.310e-02
 6.400e+02  2.000e+00  5.800e-03
 6.400e+02  3.000e+00  2.610e-03
 6.400e+02  4.000e+00  1.530e-03
 6.400e+02  5.000e+00  1.050e-03
 6.400e+02  6.000e+00  8.280e-04
 6.400e+02  7.000e+00  7.250e-04
 6.400e+02  8.000e+00  6.920e-04
 6.400e+02  9.000e+00  7.040e-04
 6.400e+02  1.000e+01  7.480e-04
 6.400e+02  1.100e+01  8.160e-04
 6.400e+02  1.200e+01  9.050e-04
 6.400e+02  1.300e+01  1.010e-03
 6.400e+02  1.400e+01  1.130e-03
 6.400e+02  1.500e+01  1.270e-03
 6.400e+02  1.600e+01  1.410e-03
 6.400e+02  1.700e+01  1.570e-03
 6.400e+02  1.800e+01  1.750e-03
 6.400e+02  1.900e+01  1.930e-03
 6.400e+02  2.000e+01  2.120e-03
 6.400e+02  2.500e+01  3.270e-03
 6.400e+02  3.000e+01  4.680e-03
 6.400e+02  3.500e+01  6.350e-03
 6.400e+02  4.000e+01  8.280e-03
 6.400e+02  4.500e+01  1.050e-02
 6.400e+02  5.000e+01  1.290e-02
 6.400e+02  5.500e+01  1.560e-02
 6.400e+02  6.000e+01  1.860e-02
