# mhp       tanbeta      NLO_xsec
 3.400e+02  1.000e-01  2.340e+01
 3.400e+02  2.000e-01  5.860e+00
 3.400e+02  3.000e-01  2.600e+00
 3.400e+02  4.000e-01  1.460e+00
 3.400e+02  5.000e-01  9.370e-01
 3.400e+02  6.000e-01  6.510e-01
 3.400e+02  7.000e-01  4.780e-01
 3.400e+02  8.000e-01  3.660e-01
 3.400e+02  9.000e-01  2.890e-01
 3.400e+02  1.000e+00  2.340e-01
 3.400e+02  2.000e+00  5.880e-02
 3.400e+02  3.000e+00  2.650e-02
 3.400e+02  4.000e+00  1.550e-02
 3.400e+02  5.000e+00  1.070e-02
 3.400e+02  6.000e+00  8.440e-03
 3.400e+02  7.000e+00  7.410e-03
 3.400e+02  8.000e+00  7.100e-03
 3.400e+02  9.000e+00  7.240e-03
 3.400e+02  1.000e+01  7.720e-03
 3.400e+02  1.100e+01  8.440e-03
 3.400e+02  1.200e+01  9.360e-03
 3.400e+02  1.300e+01  1.050e-02
 3.400e+02  1.400e+01  1.170e-02
 3.400e+02  1.500e+01  1.310e-02
 3.400e+02  1.600e+01  1.470e-02
 3.400e+02  1.700e+01  1.630e-02
 3.400e+02  1.800e+01  1.810e-02
 3.400e+02  1.900e+01  2.000e-02
 3.400e+02  2.000e+01  2.210e-02
 3.400e+02  2.500e+01  3.400e-02
 3.400e+02  3.000e+01  4.860e-02
 3.400e+02  3.500e+01  6.600e-02
 3.400e+02  4.000e+01  8.610e-02
 3.400e+02  4.500e+01  1.090e-01
 3.400e+02  5.000e+01  1.340e-01
 3.400e+02  5.500e+01  1.630e-01
 3.400e+02  6.000e+01  1.940e-01
