# mhp       tanbeta      NLO_xsec
 2.600e+02  1.000e-01  4.880e+01
 2.600e+02  2.000e-01  1.220e+01
 2.600e+02  3.000e-01  5.420e+00
 2.600e+02  4.000e-01  3.050e+00
 2.600e+02  5.000e-01  1.950e+00
 2.600e+02  6.000e-01  1.360e+00
 2.600e+02  7.000e-01  9.960e-01
 2.600e+02  8.000e-01  7.630e-01
 2.600e+02  9.000e-01  6.030e-01
 2.600e+02  1.000e+00  4.880e-01
 2.600e+02  2.000e+00  1.220e-01
 2.600e+02  3.000e+00  5.530e-02
 2.600e+02  4.000e+00  3.230e-02
 2.600e+02  5.000e+00  2.240e-02
 2.600e+02  6.000e+00  1.760e-02
 2.600e+02  7.000e+00  1.550e-02
 2.600e+02  8.000e+00  1.490e-02
 2.600e+02  9.000e+00  1.520e-02
 2.600e+02  1.000e+01  1.620e-02
 2.600e+02  1.100e+01  1.770e-02
 2.600e+02  1.200e+01  1.970e-02
 2.600e+02  1.300e+01  2.200e-02
 2.600e+02  1.400e+01  2.470e-02
 2.600e+02  1.500e+01  2.760e-02
 2.600e+02  1.600e+01  3.090e-02
 2.600e+02  1.700e+01  3.440e-02
 2.600e+02  1.800e+01  3.820e-02
 2.600e+02  1.900e+01  4.220e-02
 2.600e+02  2.000e+01  4.650e-02
 2.600e+02  2.500e+01  7.150e-02
 2.600e+02  3.000e+01  1.020e-01
 2.600e+02  3.500e+01  1.390e-01
 2.600e+02  4.000e+01  1.810e-01
 2.600e+02  4.500e+01  2.290e-01
 2.600e+02  5.000e+01  2.830e-01
 2.600e+02  5.500e+01  3.430e-01
 2.600e+02  6.000e+01  4.080e-01
