# mhp       tanbeta      NLO_xsec
 6.200e+02  1.000e-01  2.540e+00
 6.200e+02  2.000e-01  6.350e-01
 6.200e+02  3.000e-01  2.820e-01
 6.200e+02  4.000e-01  1.590e-01
 6.200e+02  5.000e-01  1.020e-01
 6.200e+02  6.000e-01  7.060e-02
 6.200e+02  7.000e-01  5.190e-02
 6.200e+02  8.000e-01  3.970e-02
 6.200e+02  9.000e-01  3.140e-02
 6.200e+02  1.000e+00  2.540e-02
 6.200e+02  2.000e+00  6.380e-03
 6.200e+02  3.000e+00  2.870e-03
 6.200e+02  4.000e+00  1.680e-03
 6.200e+02  5.000e+00  1.160e-03
 6.200e+02  6.000e+00  9.070e-04
 6.200e+02  7.000e+00  7.920e-04
 6.200e+02  8.000e+00  7.540e-04
 6.200e+02  9.000e+00  7.660e-04
 6.200e+02  1.000e+01  8.120e-04
 6.200e+02  1.100e+01  8.850e-04
 6.200e+02  1.200e+01  9.800e-04
 6.200e+02  1.300e+01  1.090e-03
 6.200e+02  1.400e+01  1.220e-03
 6.200e+02  1.500e+01  1.370e-03
 6.200e+02  1.600e+01  1.530e-03
 6.200e+02  1.700e+01  1.700e-03
 6.200e+02  1.800e+01  1.890e-03
 6.200e+02  1.900e+01  2.090e-03
 6.200e+02  2.000e+01  2.300e-03
 6.200e+02  2.500e+01  3.530e-03
 6.200e+02  3.000e+01  5.050e-03
 6.200e+02  3.500e+01  6.860e-03
 6.200e+02  4.000e+01  8.950e-03
 6.200e+02  4.500e+01  1.130e-02
 6.200e+02  5.000e+01  1.400e-02
 6.200e+02  5.500e+01  1.690e-02
 6.200e+02  6.000e+01  2.010e-02
