# mhp       tanbeta      NLO_xsec
 1.400e+03  1.000e-01  2.620e-02
 1.400e+03  2.000e-01  6.560e-03
 1.400e+03  3.000e-01  2.920e-03
 1.400e+03  4.000e-01  1.640e-03
 1.400e+03  5.000e-01  1.050e-03
 1.400e+03  6.000e-01  7.290e-04
 1.400e+03  7.000e-01  5.360e-04
 1.400e+03  8.000e-01  4.100e-04
 1.400e+03  9.000e-01  3.240e-04
 1.400e+03  1.000e+00  2.620e-04
 1.400e+03  2.000e+00  6.580e-05
 1.400e+03  3.000e+00  2.970e-05
 1.400e+03  4.000e+00  1.730e-05
 1.400e+03  5.000e+00  1.190e-05
 1.400e+03  6.000e+00  9.350e-06
 1.400e+03  7.000e+00  8.160e-06
 1.400e+03  8.000e+00  7.770e-06
 1.400e+03  9.000e+00  7.880e-06
 1.400e+03  1.000e+01  8.360e-06
 1.400e+03  1.100e+01  9.110e-06
 1.400e+03  1.200e+01  1.010e-05
 1.400e+03  1.300e+01  1.120e-05
 1.400e+03  1.400e+01  1.260e-05
 1.400e+03  1.500e+01  1.410e-05
 1.400e+03  1.600e+01  1.570e-05
 1.400e+03  1.700e+01  1.750e-05
 1.400e+03  1.800e+01  1.940e-05
 1.400e+03  1.900e+01  2.140e-05
 1.400e+03  2.000e+01  2.360e-05
 1.400e+03  2.500e+01  3.630e-05
 1.400e+03  3.000e+01  5.190e-05
 1.400e+03  3.500e+01  7.050e-05
 1.400e+03  4.000e+01  9.190e-05
 1.400e+03  4.500e+01  1.160e-04
 1.400e+03  5.000e+01  1.430e-04
 1.400e+03  5.500e+01  1.740e-04
 1.400e+03  6.000e+01  2.060e-04
