# mhp       tanbeta      NLO_xsec
 7.000e+02  1.000e-01  1.500e+00
 7.000e+02  2.000e-01  3.740e-01
 7.000e+02  3.000e-01  1.660e-01
 7.000e+02  4.000e-01  9.360e-02
 7.000e+02  5.000e-01  5.990e-02
 7.000e+02  6.000e-01  4.160e-02
 7.000e+02  7.000e-01  3.060e-02
 7.000e+02  8.000e-01  2.340e-02
 7.000e+02  9.000e-01  1.850e-02
 7.000e+02  1.000e+00  1.500e-02
 7.000e+02  2.000e+00  3.760e-03
 7.000e+02  3.000e+00  1.690e-03
 7.000e+02  4.000e+00  9.890e-04
 7.000e+02  5.000e+00  6.820e-04
 7.000e+02  6.000e+00  5.360e-04
 7.000e+02  7.000e+00  4.690e-04
 7.000e+02  8.000e+00  4.480e-04
 7.000e+02  9.000e+00  4.550e-04
 7.000e+02  1.000e+01  4.840e-04
 7.000e+02  1.100e+01  5.280e-04
 7.000e+02  1.200e+01  5.850e-04
 7.000e+02  1.300e+01  6.530e-04
 7.000e+02  1.400e+01  7.310e-04
 7.000e+02  1.500e+01  8.180e-04
 7.000e+02  1.600e+01  9.130e-04
 7.000e+02  1.700e+01  1.020e-03
 7.000e+02  1.800e+01  1.130e-03
 7.000e+02  1.900e+01  1.250e-03
 7.000e+02  2.000e+01  1.370e-03
 7.000e+02  2.500e+01  2.110e-03
 7.000e+02  3.000e+01  3.020e-03
 7.000e+02  3.500e+01  4.100e-03
 7.000e+02  4.000e+01  5.350e-03
 7.000e+02  4.500e+01  6.770e-03
 7.000e+02  5.000e+01  8.350e-03
 7.000e+02  5.500e+01  1.010e-02
 7.000e+02  6.000e+01  1.200e-02
