# mhp       tanbeta      NLO_xsec
 4.600e+02  1.000e-01  8.650e+00
 4.600e+02  2.000e-01  2.160e+00
 4.600e+02  3.000e-01  9.610e-01
 4.600e+02  4.000e-01  5.400e-01
 4.600e+02  5.000e-01  3.460e-01
 4.600e+02  6.000e-01  2.400e-01
 4.600e+02  7.000e-01  1.760e-01
 4.600e+02  8.000e-01  1.350e-01
 4.600e+02  9.000e-01  1.070e-01
 4.600e+02  1.000e+00  8.650e-02
 4.600e+02  2.000e+00  2.170e-02
 4.600e+02  3.000e+00  9.780e-03
 4.600e+02  4.000e+00  5.710e-03
 4.600e+02  5.000e+00  3.940e-03
 4.600e+02  6.000e+00  3.090e-03
 4.600e+02  7.000e+00  2.710e-03
 4.600e+02  8.000e+00  2.580e-03
 4.600e+02  9.000e+00  2.620e-03
 4.600e+02  1.000e+01  2.790e-03
 4.600e+02  1.100e+01  3.040e-03
 4.600e+02  1.200e+01  3.370e-03
 4.600e+02  1.300e+01  3.760e-03
 4.600e+02  1.400e+01  4.210e-03
 4.600e+02  1.500e+01  4.710e-03
 4.600e+02  1.600e+01  5.250e-03
 4.600e+02  1.700e+01  5.850e-03
 4.600e+02  1.800e+01  6.490e-03
 4.600e+02  1.900e+01  7.170e-03
 4.600e+02  2.000e+01  7.900e-03
 4.600e+02  2.500e+01  1.210e-02
 4.600e+02  3.000e+01  1.740e-02
 4.600e+02  3.500e+01  2.360e-02
 4.600e+02  4.000e+01  3.080e-02
 4.600e+02  4.500e+01  3.890e-02
 4.600e+02  5.000e+01  4.800e-02
 4.600e+02  5.500e+01  5.810e-02
 4.600e+02  6.000e+01  6.920e-02
