# mhp       tanbeta      NLO_xsec
 7.400e+02  1.000e-01  1.190e+00
 7.400e+02  2.000e-01  2.980e-01
 7.400e+02  3.000e-01  1.320e-01
 7.400e+02  4.000e-01  7.450e-02
 7.400e+02  5.000e-01  4.770e-02
 7.400e+02  6.000e-01  3.310e-02
 7.400e+02  7.000e-01  2.430e-02
 7.400e+02  8.000e-01  1.860e-02
 7.400e+02  9.000e-01  1.470e-02
 7.400e+02  1.000e+00  1.190e-02
 7.400e+02  2.000e+00  2.990e-03
 7.400e+02  3.000e+00  1.350e-03
 7.400e+02  4.000e+00  7.870e-04
 7.400e+02  5.000e+00  5.430e-04
 7.400e+02  6.000e+00  4.260e-04
 7.400e+02  7.000e+00  3.730e-04
 7.400e+02  8.000e+00  3.560e-04
 7.400e+02  9.000e+00  3.620e-04
 7.400e+02  1.000e+01  3.840e-04
 7.400e+02  1.100e+01  4.190e-04
 7.400e+02  1.200e+01  4.640e-04
 7.400e+02  1.300e+01  5.180e-04
 7.400e+02  1.400e+01  5.800e-04
 7.400e+02  1.500e+01  6.490e-04
 7.400e+02  1.600e+01  7.250e-04
 7.400e+02  1.700e+01  8.070e-04
 7.400e+02  1.800e+01  8.960e-04
 7.400e+02  1.900e+01  9.900e-04
 7.400e+02  2.000e+01  1.090e-03
 7.400e+02  2.500e+01  1.680e-03
 7.400e+02  3.000e+01  2.400e-03
 7.400e+02  3.500e+01  3.260e-03
 7.400e+02  4.000e+01  4.250e-03
 7.400e+02  4.500e+01  5.370e-03
 7.400e+02  5.000e+01  6.630e-03
 7.400e+02  5.500e+01  8.020e-03
 7.400e+02  6.000e+01  9.550e-03
