# mhp       tanbeta      NLO_xsec
 4.200e+02  1.000e-01  1.200e+01
 4.200e+02  2.000e-01  2.990e+00
 4.200e+02  3.000e-01  1.330e+00
 4.200e+02  4.000e-01  7.490e-01
 4.200e+02  5.000e-01  4.790e-01
 4.200e+02  6.000e-01  3.330e-01
 4.200e+02  7.000e-01  2.440e-01
 4.200e+02  8.000e-01  1.870e-01
 4.200e+02  9.000e-01  1.480e-01
 4.200e+02  1.000e+00  1.200e-01
 4.200e+02  2.000e+00  3.010e-02
 4.200e+02  3.000e+00  1.360e-02
 4.200e+02  4.000e+00  7.920e-03
 4.200e+02  5.000e+00  5.470e-03
 4.200e+02  6.000e+00  4.310e-03
 4.200e+02  7.000e+00  3.780e-03
 4.200e+02  8.000e+00  3.620e-03
 4.200e+02  9.000e+00  3.690e-03
 4.200e+02  1.000e+01  3.920e-03
 4.200e+02  1.100e+01  4.290e-03
 4.200e+02  1.200e+01  4.760e-03
 4.200e+02  1.300e+01  5.310e-03
 4.200e+02  1.400e+01  5.950e-03
 4.200e+02  1.500e+01  6.660e-03
 4.200e+02  1.600e+01  7.440e-03
 4.200e+02  1.700e+01  8.290e-03
 4.200e+02  1.800e+01  9.200e-03
 4.200e+02  1.900e+01  1.020e-02
 4.200e+02  2.000e+01  1.120e-02
 4.200e+02  2.500e+01  1.720e-02
 4.200e+02  3.000e+01  2.470e-02
 4.200e+02  3.500e+01  3.350e-02
 4.200e+02  4.000e+01  4.370e-02
 4.200e+02  4.500e+01  5.520e-02
 4.200e+02  5.000e+01  6.820e-02
 4.200e+02  5.500e+01  8.250e-02
 4.200e+02  6.000e+01  9.810e-02
