# mhp       tanbeta      NLO_xsec
 8.400e+02  1.000e-01  6.390e-01
 8.400e+02  2.000e-01  1.600e-01
 8.400e+02  3.000e-01  7.100e-02
 8.400e+02  4.000e-01  3.990e-02
 8.400e+02  5.000e-01  2.560e-02
 8.400e+02  6.000e-01  1.770e-02
 8.400e+02  7.000e-01  1.300e-02
 8.400e+02  8.000e-01  9.980e-03
 8.400e+02  9.000e-01  7.890e-03
 8.400e+02  1.000e+00  6.390e-03
 8.400e+02  2.000e+00  1.600e-03
 8.400e+02  3.000e+00  7.230e-04
 8.400e+02  4.000e+00  4.220e-04
 8.400e+02  5.000e+00  2.910e-04
 8.400e+02  6.000e+00  2.280e-04
 8.400e+02  7.000e+00  2.000e-04
 8.400e+02  8.000e+00  1.900e-04
 8.400e+02  9.000e+00  1.940e-04
 8.400e+02  1.000e+01  2.050e-04
 8.400e+02  1.100e+01  2.240e-04
 8.400e+02  1.200e+01  2.480e-04
 8.400e+02  1.300e+01  2.770e-04
 8.400e+02  1.400e+01  3.100e-04
 8.400e+02  1.500e+01  3.470e-04
 8.400e+02  1.600e+01  3.870e-04
 8.400e+02  1.700e+01  4.310e-04
 8.400e+02  1.800e+01  4.780e-04
 8.400e+02  1.900e+01  5.290e-04
 8.400e+02  2.000e+01  5.820e-04
 8.400e+02  2.500e+01  8.950e-04
 8.400e+02  3.000e+01  1.280e-03
 8.400e+02  3.500e+01  1.740e-03
 8.400e+02  4.000e+01  2.270e-03
 8.400e+02  4.500e+01  2.870e-03
 8.400e+02  5.000e+01  3.540e-03
 8.400e+02  5.500e+01  4.280e-03
 8.400e+02  6.000e+01  5.100e-03
