# mhp       tanbeta      NLO_xsec
 3.400e+02  1.000e-01  2.380e+01
 3.400e+02  2.000e-01  5.950e+00
 3.400e+02  3.000e-01  2.650e+00
 3.400e+02  4.000e-01  1.490e+00
 3.400e+02  5.000e-01  9.520e-01
 3.400e+02  6.000e-01  6.610e-01
 3.400e+02  7.000e-01  4.860e-01
 3.400e+02  8.000e-01  3.720e-01
 3.400e+02  9.000e-01  2.940e-01
 3.400e+02  1.000e+00  2.380e-01
 3.400e+02  2.000e+00  5.970e-02
 3.400e+02  3.000e+00  2.690e-02
 3.400e+02  4.000e+00  1.580e-02
 3.400e+02  5.000e+00  1.090e-02
 3.400e+02  6.000e+00  8.580e-03
 3.400e+02  7.000e+00  7.530e-03
 3.400e+02  8.000e+00  7.220e-03
 3.400e+02  9.000e+00  7.360e-03
 3.400e+02  1.000e+01  7.840e-03
 3.400e+02  1.100e+01  8.580e-03
 3.400e+02  1.200e+01  9.520e-03
 3.400e+02  1.300e+01  1.060e-02
 3.400e+02  1.400e+01  1.190e-02
 3.400e+02  1.500e+01  1.330e-02
 3.400e+02  1.600e+01  1.490e-02
 3.400e+02  1.700e+01  1.660e-02
 3.400e+02  1.800e+01  1.840e-02
 3.400e+02  1.900e+01  2.040e-02
 3.400e+02  2.000e+01  2.240e-02
 3.400e+02  2.500e+01  3.450e-02
 3.400e+02  3.000e+01  4.940e-02
 3.400e+02  3.500e+01  6.710e-02
 3.400e+02  4.000e+01  8.750e-02
 3.400e+02  4.500e+01  1.110e-01
 3.400e+02  5.000e+01  1.370e-01
 3.400e+02  5.500e+01  1.650e-01
 3.400e+02  6.000e+01  1.970e-01
