# mhp       tanbeta      NLO_xsec
 5.200e+02  1.000e-01  5.420e+00
 5.200e+02  2.000e-01  1.360e+00
 5.200e+02  3.000e-01  6.020e-01
 5.200e+02  4.000e-01  3.390e-01
 5.200e+02  5.000e-01  2.170e-01
 5.200e+02  6.000e-01  1.510e-01
 5.200e+02  7.000e-01  1.110e-01
 5.200e+02  8.000e-01  8.470e-02
 5.200e+02  9.000e-01  6.690e-02
 5.200e+02  1.000e+00  5.420e-02
 5.200e+02  2.000e+00  1.360e-02
 5.200e+02  3.000e+00  6.130e-03
 5.200e+02  4.000e+00  3.580e-03
 5.200e+02  5.000e+00  2.470e-03
 5.200e+02  6.000e+00  1.950e-03
 5.200e+02  7.000e+00  1.710e-03
 5.200e+02  8.000e+00  1.630e-03
 5.200e+02  9.000e+00  1.660e-03
 5.200e+02  1.000e+01  1.760e-03
 5.200e+02  1.100e+01  1.930e-03
 5.200e+02  1.200e+01  2.140e-03
 5.200e+02  1.300e+01  2.390e-03
 5.200e+02  1.400e+01  2.670e-03
 5.200e+02  1.500e+01  2.990e-03
 5.200e+02  1.600e+01  3.340e-03
 5.200e+02  1.700e+01  3.720e-03
 5.200e+02  1.800e+01  4.130e-03
 5.200e+02  1.900e+01  4.560e-03
 5.200e+02  2.000e+01  5.030e-03
 5.200e+02  2.500e+01  7.730e-03
 5.200e+02  3.000e+01  1.110e-02
 5.200e+02  3.500e+01  1.500e-02
 5.200e+02  4.000e+01  1.960e-02
 5.200e+02  4.500e+01  2.480e-02
 5.200e+02  5.000e+01  3.060e-02
 5.200e+02  5.500e+01  3.700e-02
 5.200e+02  6.000e+01  4.400e-02
