# mhp       tanbeta      NLO_xsec
 6.800e+02  1.000e-01  1.660e+00
 6.800e+02  2.000e-01  4.150e-01
 6.800e+02  3.000e-01  1.840e-01
 6.800e+02  4.000e-01  1.040e-01
 6.800e+02  5.000e-01  6.640e-02
 6.800e+02  6.000e-01  4.610e-02
 6.800e+02  7.000e-01  3.390e-02
 6.800e+02  8.000e-01  2.590e-02
 6.800e+02  9.000e-01  2.050e-02
 6.800e+02  1.000e+00  1.660e-02
 6.800e+02  2.000e+00  4.160e-03
 6.800e+02  3.000e+00  1.880e-03
 6.800e+02  4.000e+00  1.100e-03
 6.800e+02  5.000e+00  7.540e-04
 6.800e+02  6.000e+00  5.920e-04
 6.800e+02  7.000e+00  5.170e-04
 6.800e+02  8.000e+00  4.920e-04
 6.800e+02  9.000e+00  4.990e-04
 6.800e+02  1.000e+01  5.290e-04
 6.800e+02  1.100e+01  5.770e-04
 6.800e+02  1.200e+01  6.380e-04
 6.800e+02  1.300e+01  7.120e-04
 6.800e+02  1.400e+01  7.960e-04
 6.800e+02  1.500e+01  8.910e-04
 6.800e+02  1.600e+01  9.940e-04
 6.800e+02  1.700e+01  1.110e-03
 6.800e+02  1.800e+01  1.230e-03
 6.800e+02  1.900e+01  1.360e-03
 6.800e+02  2.000e+01  1.490e-03
 6.800e+02  2.500e+01  2.300e-03
 6.800e+02  3.000e+01  3.290e-03
 6.800e+02  3.500e+01  4.460e-03
 6.800e+02  4.000e+01  5.820e-03
 6.800e+02  4.500e+01  7.360e-03
 6.800e+02  5.000e+01  9.090e-03
 6.800e+02  5.500e+01  1.100e-02
 6.800e+02  6.000e+01  1.310e-02
