# mhp       tanbeta      NLO_xsec
 5.600e+02  1.000e-01  4.020e+00
 5.600e+02  2.000e-01  1.000e+00
 5.600e+02  3.000e-01  4.460e-01
 5.600e+02  4.000e-01  2.510e-01
 5.600e+02  5.000e-01  1.610e-01
 5.600e+02  6.000e-01  1.120e-01
 5.600e+02  7.000e-01  8.200e-02
 5.600e+02  8.000e-01  6.280e-02
 5.600e+02  9.000e-01  4.960e-02
 5.600e+02  1.000e+00  4.020e-02
 5.600e+02  2.000e+00  1.010e-02
 5.600e+02  3.000e+00  4.540e-03
 5.600e+02  4.000e+00  2.650e-03
 5.600e+02  5.000e+00  1.830e-03
 5.600e+02  6.000e+00  1.440e-03
 5.600e+02  7.000e+00  1.260e-03
 5.600e+02  8.000e+00  1.210e-03
 5.600e+02  9.000e+00  1.230e-03
 5.600e+02  1.000e+01  1.300e-03
 5.600e+02  1.100e+01  1.420e-03
 5.600e+02  1.200e+01  1.580e-03
 5.600e+02  1.300e+01  1.760e-03
 5.600e+02  1.400e+01  1.980e-03
 5.600e+02  1.500e+01  2.210e-03
 5.600e+02  1.600e+01  2.470e-03
 5.600e+02  1.700e+01  2.750e-03
 5.600e+02  1.800e+01  3.050e-03
 5.600e+02  1.900e+01  3.370e-03
 5.600e+02  2.000e+01  3.710e-03
 5.600e+02  2.500e+01  5.710e-03
 5.600e+02  3.000e+01  8.170e-03
 5.600e+02  3.500e+01  1.110e-02
 5.600e+02  4.000e+01  1.450e-02
 5.600e+02  4.500e+01  1.830e-02
 5.600e+02  5.000e+01  2.260e-02
 5.600e+02  5.500e+01  2.730e-02
 5.600e+02  6.000e+01  3.250e-02
