# mhp       tanbeta      NLO_xsec
 1.000e+03  1.000e-01  2.310e-01
 1.000e+03  2.000e-01  5.770e-02
 1.000e+03  3.000e-01  2.560e-02
 1.000e+03  4.000e-01  1.440e-02
 1.000e+03  5.000e-01  9.230e-03
 1.000e+03  6.000e-01  6.410e-03
 1.000e+03  7.000e-01  4.710e-03
 1.000e+03  8.000e-01  3.610e-03
 1.000e+03  9.000e-01  2.850e-03
 1.000e+03  1.000e+00  2.310e-03
 1.000e+03  2.000e+00  5.790e-04
 1.000e+03  3.000e+00  2.610e-04
 1.000e+03  4.000e+00  1.520e-04
 1.000e+03  5.000e+00  1.050e-04
 1.000e+03  6.000e+00  8.240e-05
 1.000e+03  7.000e+00  7.200e-05
 1.000e+03  8.000e+00  6.860e-05
 1.000e+03  9.000e+00  6.970e-05
 1.000e+03  1.000e+01  7.400e-05
 1.000e+03  1.100e+01  8.060e-05
 1.000e+03  1.200e+01  8.930e-05
 1.000e+03  1.300e+01  9.960e-05
 1.000e+03  1.400e+01  1.110e-04
 1.000e+03  1.500e+01  1.250e-04
 1.000e+03  1.600e+01  1.390e-04
 1.000e+03  1.700e+01  1.550e-04
 1.000e+03  1.800e+01  1.720e-04
 1.000e+03  1.900e+01  1.900e-04
 1.000e+03  2.000e+01  2.090e-04
 1.000e+03  2.500e+01  3.220e-04
 1.000e+03  3.000e+01  4.600e-04
 1.000e+03  3.500e+01  6.250e-04
 1.000e+03  4.000e+01  8.150e-04
 1.000e+03  4.500e+01  1.030e-03
 1.000e+03  5.000e+01  1.270e-03
 1.000e+03  5.500e+01  1.540e-03
 1.000e+03  6.000e+01  1.830e-03
