# mhp       tanbeta      NLO_xsec
 9.400e+02  1.000e-01  3.540e-01
 9.400e+02  2.000e-01  8.850e-02
 9.400e+02  3.000e-01  3.930e-02
 9.400e+02  4.000e-01  2.210e-02
 9.400e+02  5.000e-01  1.420e-02
 9.400e+02  6.000e-01  9.840e-03
 9.400e+02  7.000e-01  7.230e-03
 9.400e+02  8.000e-01  5.530e-03
 9.400e+02  9.000e-01  4.370e-03
 9.400e+02  1.000e+00  3.540e-03
 9.400e+02  2.000e+00  8.880e-04
 9.400e+02  3.000e+00  4.000e-04
 9.400e+02  4.000e+00  2.340e-04
 9.400e+02  5.000e+00  1.610e-04
 9.400e+02  6.000e+00  1.260e-04
 9.400e+02  7.000e+00  1.110e-04
 9.400e+02  8.000e+00  1.050e-04
 9.400e+02  9.000e+00  1.070e-04
 9.400e+02  1.000e+01  1.140e-04
 9.400e+02  1.100e+01  1.240e-04
 9.400e+02  1.200e+01  1.370e-04
 9.400e+02  1.300e+01  1.530e-04
 9.400e+02  1.400e+01  1.710e-04
 9.400e+02  1.500e+01  1.910e-04
 9.400e+02  1.600e+01  2.140e-04
 9.400e+02  1.700e+01  2.380e-04
 9.400e+02  1.800e+01  2.640e-04
 9.400e+02  1.900e+01  2.920e-04
 9.400e+02  2.000e+01  3.210e-04
 9.400e+02  2.500e+01  4.940e-04
 9.400e+02  3.000e+01  7.070e-04
 9.400e+02  3.500e+01  9.600e-04
 9.400e+02  4.000e+01  1.250e-03
 9.400e+02  4.500e+01  1.580e-03
 9.400e+02  5.000e+01  1.950e-03
 9.400e+02  5.500e+01  2.360e-03
 9.400e+02  6.000e+01  2.810e-03
