# mhp       tanbeta      NLO_xsec
 5.400e+02  1.000e-01  4.700e+00
 5.400e+02  2.000e-01  1.170e+00
 5.400e+02  3.000e-01  5.220e-01
 5.400e+02  4.000e-01  2.940e-01
 5.400e+02  5.000e-01  1.880e-01
 5.400e+02  6.000e-01  1.300e-01
 5.400e+02  7.000e-01  9.580e-02
 5.400e+02  8.000e-01  7.340e-02
 5.400e+02  9.000e-01  5.800e-02
 5.400e+02  1.000e+00  4.700e-02
 5.400e+02  2.000e+00  1.180e-02
 5.400e+02  3.000e+00  5.310e-03
 5.400e+02  4.000e+00  3.100e-03
 5.400e+02  5.000e+00  2.140e-03
 5.400e+02  6.000e+00  1.690e-03
 5.400e+02  7.000e+00  1.480e-03
 5.400e+02  8.000e+00  1.410e-03
 5.400e+02  9.000e+00  1.440e-03
 5.400e+02  1.000e+01  1.530e-03
 5.400e+02  1.100e+01  1.670e-03
 5.400e+02  1.200e+01  1.850e-03
 5.400e+02  1.300e+01  2.070e-03
 5.400e+02  1.400e+01  2.310e-03
 5.400e+02  1.500e+01  2.590e-03
 5.400e+02  1.600e+01  2.890e-03
 5.400e+02  1.700e+01  3.220e-03
 5.400e+02  1.800e+01  3.570e-03
 5.400e+02  1.900e+01  3.950e-03
 5.400e+02  2.000e+01  4.350e-03
 5.400e+02  2.500e+01  6.690e-03
 5.400e+02  3.000e+01  9.570e-03
 5.400e+02  3.500e+01  1.300e-02
 5.400e+02  4.000e+01  1.700e-02
 5.400e+02  4.500e+01  2.140e-02
 5.400e+02  5.000e+01  2.650e-02
 5.400e+02  5.500e+01  3.200e-02
 5.400e+02  6.000e+01  3.810e-02
