# mhp       tanbeta      NLO_xsec
 9.800e+02  1.000e-01  2.590e-01
 9.800e+02  2.000e-01  6.490e-02
 9.800e+02  3.000e-01  2.880e-02
 9.800e+02  4.000e-01  1.620e-02
 9.800e+02  5.000e-01  1.040e-02
 9.800e+02  6.000e-01  7.210e-03
 9.800e+02  7.000e-01  5.290e-03
 9.800e+02  8.000e-01  4.050e-03
 9.800e+02  9.000e-01  3.200e-03
 9.800e+02  1.000e+00  2.590e-03
 9.800e+02  2.000e+00  6.510e-04
 9.800e+02  3.000e+00  2.930e-04
 9.800e+02  4.000e+00  1.710e-04
 9.800e+02  5.000e+00  1.180e-04
 9.800e+02  6.000e+00  9.270e-05
 9.800e+02  7.000e+00  8.100e-05
 9.800e+02  8.000e+00  7.710e-05
 9.800e+02  9.000e+00  7.840e-05
 9.800e+02  1.000e+01  8.310e-05
 9.800e+02  1.100e+01  9.070e-05
 9.800e+02  1.200e+01  1.000e-04
 9.800e+02  1.300e+01  1.120e-04
 9.800e+02  1.400e+01  1.250e-04
 9.800e+02  1.500e+01  1.400e-04
 9.800e+02  1.600e+01  1.570e-04
 9.800e+02  1.700e+01  1.740e-04
 9.800e+02  1.800e+01  1.930e-04
 9.800e+02  1.900e+01  2.140e-04
 9.800e+02  2.000e+01  2.350e-04
 9.800e+02  2.500e+01  3.620e-04
 9.800e+02  3.000e+01  5.180e-04
 9.800e+02  3.500e+01  7.030e-04
 9.800e+02  4.000e+01  9.170e-04
 9.800e+02  4.500e+01  1.160e-03
 9.800e+02  5.000e+01  1.430e-03
 9.800e+02  5.500e+01  1.730e-03
 9.800e+02  6.000e+01  2.060e-03
