# mhp       tanbeta      NLO_xsec
 8.600e+02  1.000e-01  5.660e-01
 8.600e+02  2.000e-01  1.420e-01
 8.600e+02  3.000e-01  6.290e-02
 8.600e+02  4.000e-01  3.540e-02
 8.600e+02  5.000e-01  2.270e-02
 8.600e+02  6.000e-01  1.570e-02
 8.600e+02  7.000e-01  1.160e-02
 8.600e+02  8.000e-01  8.850e-03
 8.600e+02  9.000e-01  6.990e-03
 8.600e+02  1.000e+00  5.670e-03
 8.600e+02  2.000e+00  1.420e-03
 8.600e+02  3.000e+00  6.410e-04
 8.600e+02  4.000e+00  3.740e-04
 8.600e+02  5.000e+00  2.580e-04
 8.600e+02  6.000e+00  2.020e-04
 8.600e+02  7.000e+00  1.770e-04
 8.600e+02  8.000e+00  1.690e-04
 8.600e+02  9.000e+00  1.710e-04
 8.600e+02  1.000e+01  1.820e-04
 8.600e+02  1.100e+01  1.980e-04
 8.600e+02  1.200e+01  2.200e-04
 8.600e+02  1.300e+01  2.450e-04
 8.600e+02  1.400e+01  2.750e-04
 8.600e+02  1.500e+01  3.070e-04
 8.600e+02  1.600e+01  3.430e-04
 8.600e+02  1.700e+01  3.820e-04
 8.600e+02  1.800e+01  4.240e-04
 8.600e+02  1.900e+01  4.680e-04
 8.600e+02  2.000e+01  5.160e-04
 8.600e+02  2.500e+01  7.920e-04
 8.600e+02  3.000e+01  1.130e-03
 8.600e+02  3.500e+01  1.540e-03
 8.600e+02  4.000e+01  2.010e-03
 8.600e+02  4.500e+01  2.540e-03
 8.600e+02  5.000e+01  3.140e-03
 8.600e+02  5.500e+01  3.790e-03
 8.600e+02  6.000e+01  4.510e-03
