# mhp       tanbeta      NLO_xsec
 2.200e+02  1.000e-01  7.240e+01
 2.200e+02  2.000e-01  1.810e+01
 2.200e+02  3.000e-01  8.050e+00
 2.200e+02  4.000e-01  4.530e+00
 2.200e+02  5.000e-01  2.900e+00
 2.200e+02  6.000e-01  2.010e+00
 2.200e+02  7.000e-01  1.480e+00
 2.200e+02  8.000e-01  1.130e+00
 2.200e+02  9.000e-01  8.940e-01
 2.200e+02  1.000e+00  7.240e-01
 2.200e+02  2.000e+00  1.820e-01
 2.200e+02  3.000e+00  8.200e-02
 2.200e+02  4.000e+00  4.800e-02
 2.200e+02  5.000e+00  3.320e-02
 2.200e+02  6.000e+00  2.620e-02
 2.200e+02  7.000e+00  2.310e-02
 2.200e+02  8.000e+00  2.210e-02
 2.200e+02  9.000e+00  2.260e-02
 2.200e+02  1.000e+01  2.410e-02
 2.200e+02  1.100e+01  2.640e-02
 2.200e+02  1.200e+01  2.940e-02
 2.200e+02  1.300e+01  3.280e-02
 2.200e+02  1.400e+01  3.680e-02
 2.200e+02  1.500e+01  4.120e-02
 2.200e+02  1.600e+01  4.610e-02
 2.200e+02  1.700e+01  5.130e-02
 2.200e+02  1.800e+01  5.700e-02
 2.200e+02  1.900e+01  6.300e-02
 2.200e+02  2.000e+01  6.940e-02
 2.200e+02  2.500e+01  1.070e-01
 2.200e+02  3.000e+01  1.530e-01
 2.200e+02  3.500e+01  2.080e-01
 2.200e+02  4.000e+01  2.710e-01
 2.200e+02  4.500e+01  3.420e-01
 2.200e+02  5.000e+01  4.230e-01
 2.200e+02  5.500e+01  5.110e-01
 2.200e+02  6.000e+01  6.080e-01
