# mhp       tanbeta      NLO_xsec
 6.000e+02  1.000e-01  3.050e+00
 6.000e+02  2.000e-01  7.620e-01
 6.000e+02  3.000e-01  3.390e-01
 6.000e+02  4.000e-01  1.910e-01
 6.000e+02  5.000e-01  1.220e-01
 6.000e+02  6.000e-01  8.470e-02
 6.000e+02  7.000e-01  6.220e-02
 6.000e+02  8.000e-01  4.770e-02
 6.000e+02  9.000e-01  3.770e-02
 6.000e+02  1.000e+00  3.050e-02
 6.000e+02  2.000e+00  7.650e-03
 6.000e+02  3.000e+00  3.450e-03
 6.000e+02  4.000e+00  2.020e-03
 6.000e+02  5.000e+00  1.390e-03
 6.000e+02  6.000e+00  1.090e-03
 6.000e+02  7.000e+00  9.580e-04
 6.000e+02  8.000e+00  9.140e-04
 6.000e+02  9.000e+00  9.310e-04
 6.000e+02  1.000e+01  9.890e-04
 6.000e+02  1.100e+01  1.080e-03
 6.000e+02  1.200e+01  1.200e-03
 6.000e+02  1.300e+01  1.340e-03
 6.000e+02  1.400e+01  1.500e-03
 6.000e+02  1.500e+01  1.670e-03
 6.000e+02  1.600e+01  1.870e-03
 6.000e+02  1.700e+01  2.080e-03
 6.000e+02  1.800e+01  2.310e-03
 6.000e+02  1.900e+01  2.550e-03
 6.000e+02  2.000e+01  2.810e-03
 6.000e+02  2.500e+01  4.320e-03
 6.000e+02  3.000e+01  6.190e-03
 6.000e+02  3.500e+01  8.400e-03
 6.000e+02  4.000e+01  1.100e-02
 6.000e+02  4.500e+01  1.390e-02
 6.000e+02  5.000e+01  1.710e-02
 6.000e+02  5.500e+01  2.070e-02
 6.000e+02  6.000e+01  2.460e-02
