# mhp       tanbeta      NLO_xsec
 8.200e+02  1.000e-01  6.480e-01
 8.200e+02  2.000e-01  1.620e-01
 8.200e+02  3.000e-01  7.200e-02
 8.200e+02  4.000e-01  4.050e-02
 8.200e+02  5.000e-01  2.590e-02
 8.200e+02  6.000e-01  1.800e-02
 8.200e+02  7.000e-01  1.320e-02
 8.200e+02  8.000e-01  1.010e-02
 8.200e+02  9.000e-01  8.000e-03
 8.200e+02  1.000e+00  6.480e-03
 8.200e+02  2.000e+00  1.620e-03
 8.200e+02  3.000e+00  7.320e-04
 8.200e+02  4.000e+00  4.270e-04
 8.200e+02  5.000e+00  2.940e-04
 8.200e+02  6.000e+00  2.310e-04
 8.200e+02  7.000e+00  2.010e-04
 8.200e+02  8.000e+00  1.910e-04
 8.200e+02  9.000e+00  1.940e-04
 8.200e+02  1.000e+01  2.060e-04
 8.200e+02  1.100e+01  2.240e-04
 8.200e+02  1.200e+01  2.480e-04
 8.200e+02  1.300e+01  2.760e-04
 8.200e+02  1.400e+01  3.090e-04
 8.200e+02  1.500e+01  3.460e-04
 8.200e+02  1.600e+01  3.860e-04
 8.200e+02  1.700e+01  4.290e-04
 8.200e+02  1.800e+01  4.760e-04
 8.200e+02  1.900e+01  5.260e-04
 8.200e+02  2.000e+01  5.800e-04
 8.200e+02  2.500e+01  8.910e-04
 8.200e+02  3.000e+01  1.270e-03
 8.200e+02  3.500e+01  1.730e-03
 8.200e+02  4.000e+01  2.260e-03
 8.200e+02  4.500e+01  2.860e-03
 8.200e+02  5.000e+01  3.520e-03
 8.200e+02  5.500e+01  4.260e-03
 8.200e+02  6.000e+01  5.070e-03
