# mhp       tanbeta      NLO_xsec
 6.400e+02  1.000e-01  2.200e+00
 6.400e+02  2.000e-01  5.500e-01
 6.400e+02  3.000e-01  2.450e-01
 6.400e+02  4.000e-01  1.380e-01
 6.400e+02  5.000e-01  8.800e-02
 6.400e+02  6.000e-01  6.110e-02
 6.400e+02  7.000e-01  4.490e-02
 6.400e+02  8.000e-01  3.440e-02
 6.400e+02  9.000e-01  2.720e-02
 6.400e+02  1.000e+00  2.200e-02
 6.400e+02  2.000e+00  5.520e-03
 6.400e+02  3.000e+00  2.490e-03
 6.400e+02  4.000e+00  1.450e-03
 6.400e+02  5.000e+00  1.000e-03
 6.400e+02  6.000e+00  7.850e-04
 6.400e+02  7.000e+00  6.860e-04
 6.400e+02  8.000e+00  6.530e-04
 6.400e+02  9.000e+00  6.630e-04
 6.400e+02  1.000e+01  7.030e-04
 6.400e+02  1.100e+01  7.660e-04
 6.400e+02  1.200e+01  8.480e-04
 6.400e+02  1.300e+01  9.460e-04
 6.400e+02  1.400e+01  1.060e-03
 6.400e+02  1.500e+01  1.180e-03
 6.400e+02  1.600e+01  1.320e-03
 6.400e+02  1.700e+01  1.470e-03
 6.400e+02  1.800e+01  1.630e-03
 6.400e+02  1.900e+01  1.800e-03
 6.400e+02  2.000e+01  1.990e-03
 6.400e+02  2.500e+01  3.050e-03
 6.400e+02  3.000e+01  4.370e-03
 6.400e+02  3.500e+01  5.930e-03
 6.400e+02  4.000e+01  7.740e-03
 6.400e+02  4.500e+01  9.790e-03
 6.400e+02  5.000e+01  1.210e-02
 6.400e+02  5.500e+01  1.460e-02
 6.400e+02  6.000e+01  1.740e-02
