# mhp       tanbeta      NLO_xsec
 7.000e+02  1.000e-01  1.540e+00
 7.000e+02  2.000e-01  3.860e-01
 7.000e+02  3.000e-01  1.720e-01
 7.000e+02  4.000e-01  9.650e-02
 7.000e+02  5.000e-01  6.180e-02
 7.000e+02  6.000e-01  4.290e-02
 7.000e+02  7.000e-01  3.150e-02
 7.000e+02  8.000e-01  2.410e-02
 7.000e+02  9.000e-01  1.910e-02
 7.000e+02  1.000e+00  1.550e-02
 7.000e+02  2.000e+00  3.880e-03
 7.000e+02  3.000e+00  1.750e-03
 7.000e+02  4.000e+00  1.020e-03
 7.000e+02  5.000e+00  7.040e-04
 7.000e+02  6.000e+00  5.530e-04
 7.000e+02  7.000e+00  4.840e-04
 7.000e+02  8.000e+00  4.620e-04
 7.000e+02  9.000e+00  4.700e-04
 7.000e+02  1.000e+01  4.990e-04
 7.000e+02  1.100e+01  5.440e-04
 7.000e+02  1.200e+01  6.030e-04
 7.000e+02  1.300e+01  6.730e-04
 7.000e+02  1.400e+01  7.540e-04
 7.000e+02  1.500e+01  8.440e-04
 7.000e+02  1.600e+01  9.420e-04
 7.000e+02  1.700e+01  1.050e-03
 7.000e+02  1.800e+01  1.160e-03
 7.000e+02  1.900e+01  1.290e-03
 7.000e+02  2.000e+01  1.420e-03
 7.000e+02  2.500e+01  2.180e-03
 7.000e+02  3.000e+01  3.120e-03
 7.000e+02  3.500e+01  4.230e-03
 7.000e+02  4.000e+01  5.520e-03
 7.000e+02  4.500e+01  6.980e-03
 7.000e+02  5.000e+01  8.620e-03
 7.000e+02  5.500e+01  1.040e-02
 7.000e+02  6.000e+01  1.240e-02
