# mhp       tanbeta      NLO_xsec
 2.400e+02  1.000e-01  6.210e+01
 2.400e+02  2.000e-01  1.550e+01
 2.400e+02  3.000e-01  6.900e+00
 2.400e+02  4.000e-01  3.880e+00
 2.400e+02  5.000e-01  2.490e+00
 2.400e+02  6.000e-01  1.730e+00
 2.400e+02  7.000e-01  1.270e+00
 2.400e+02  8.000e-01  9.710e-01
 2.400e+02  9.000e-01  7.670e-01
 2.400e+02  1.000e+00  6.220e-01
 2.400e+02  2.000e+00  1.560e-01
 2.400e+02  3.000e+00  7.030e-02
 2.400e+02  4.000e+00  4.110e-02
 2.400e+02  5.000e+00  2.840e-02
 2.400e+02  6.000e+00  2.240e-02
 2.400e+02  7.000e+00  1.960e-02
 2.400e+02  8.000e+00  1.880e-02
 2.400e+02  9.000e+00  1.910e-02
 2.400e+02  1.000e+01  2.040e-02
 2.400e+02  1.100e+01  2.230e-02
 2.400e+02  1.200e+01  2.470e-02
 2.400e+02  1.300e+01  2.760e-02
 2.400e+02  1.400e+01  3.090e-02
 2.400e+02  1.500e+01  3.460e-02
 2.400e+02  1.600e+01  3.870e-02
 2.400e+02  1.700e+01  4.310e-02
 2.400e+02  1.800e+01  4.780e-02
 2.400e+02  1.900e+01  5.280e-02
 2.400e+02  2.000e+01  5.820e-02
 2.400e+02  2.500e+01  8.950e-02
 2.400e+02  3.000e+01  1.280e-01
 2.400e+02  3.500e+01  1.740e-01
 2.400e+02  4.000e+01  2.270e-01
 2.400e+02  4.500e+01  2.870e-01
 2.400e+02  5.000e+01  3.540e-01
 2.400e+02  5.500e+01  4.280e-01
 2.400e+02  6.000e+01  5.100e-01
