# mhp       tanbeta      NLO_xsec
 9.200e+02  1.000e-01  3.440e-01
 9.200e+02  2.000e-01  8.590e-02
 9.200e+02  3.000e-01  3.820e-02
 9.200e+02  4.000e-01  2.150e-02
 9.200e+02  5.000e-01  1.370e-02
 9.200e+02  6.000e-01  9.550e-03
 9.200e+02  7.000e-01  7.010e-03
 9.200e+02  8.000e-01  5.370e-03
 9.200e+02  9.000e-01  4.240e-03
 9.200e+02  1.000e+00  3.440e-03
 9.200e+02  2.000e+00  8.620e-04
 9.200e+02  3.000e+00  3.890e-04
 9.200e+02  4.000e+00  2.270e-04
 9.200e+02  5.000e+00  1.560e-04
 9.200e+02  6.000e+00  1.220e-04
 9.200e+02  7.000e+00  1.070e-04
 9.200e+02  8.000e+00  1.010e-04
 9.200e+02  9.000e+00  1.030e-04
 9.200e+02  1.000e+01  1.090e-04
 9.200e+02  1.100e+01  1.190e-04
 9.200e+02  1.200e+01  1.310e-04
 9.200e+02  1.300e+01  1.460e-04
 9.200e+02  1.400e+01  1.640e-04
 9.200e+02  1.500e+01  1.830e-04
 9.200e+02  1.600e+01  2.040e-04
 9.200e+02  1.700e+01  2.270e-04
 9.200e+02  1.800e+01  2.520e-04
 9.200e+02  1.900e+01  2.780e-04
 9.200e+02  2.000e+01  3.070e-04
 9.200e+02  2.500e+01  4.710e-04
 9.200e+02  3.000e+01  6.740e-04
 9.200e+02  3.500e+01  9.150e-04
 9.200e+02  4.000e+01  1.190e-03
 9.200e+02  4.500e+01  1.510e-03
 9.200e+02  5.000e+01  1.860e-03
 9.200e+02  5.500e+01  2.250e-03
 9.200e+02  6.000e+01  2.680e-03
