# mhp       tanbeta      NLO_xsec
 9.000e+02  1.000e-01  4.470e-01
 9.000e+02  2.000e-01  1.120e-01
 9.000e+02  3.000e-01  4.960e-02
 9.000e+02  4.000e-01  2.790e-02
 9.000e+02  5.000e-01  1.790e-02
 9.000e+02  6.000e-01  1.240e-02
 9.000e+02  7.000e-01  9.120e-03
 9.000e+02  8.000e-01  6.980e-03
 9.000e+02  9.000e-01  5.520e-03
 9.000e+02  1.000e+00  4.470e-03
 9.000e+02  2.000e+00  1.120e-03
 9.000e+02  3.000e+00  5.050e-04
 9.000e+02  4.000e+00  2.950e-04
 9.000e+02  5.000e+00  2.030e-04
 9.000e+02  6.000e+00  1.600e-04
 9.000e+02  7.000e+00  1.400e-04
 9.000e+02  8.000e+00  1.330e-04
 9.000e+02  9.000e+00  1.350e-04
 9.000e+02  1.000e+01  1.430e-04
 9.000e+02  1.100e+01  1.560e-04
 9.000e+02  1.200e+01  1.730e-04
 9.000e+02  1.300e+01  1.930e-04
 9.000e+02  1.400e+01  2.160e-04
 9.000e+02  1.500e+01  2.420e-04
 9.000e+02  1.600e+01  2.700e-04
 9.000e+02  1.700e+01  3.010e-04
 9.000e+02  1.800e+01  3.340e-04
 9.000e+02  1.900e+01  3.690e-04
 9.000e+02  2.000e+01  4.060e-04
 9.000e+02  2.500e+01  6.240e-04
 9.000e+02  3.000e+01  8.930e-04
 9.000e+02  3.500e+01  1.210e-03
 9.000e+02  4.000e+01  1.580e-03
 9.000e+02  4.500e+01  2.000e-03
 9.000e+02  5.000e+01  2.470e-03
 9.000e+02  5.500e+01  2.990e-03
 9.000e+02  6.000e+01  3.560e-03
