# mhp       tanbeta      NLO_xsec
 6.600e+02  1.000e-01  1.970e+00
 6.600e+02  2.000e-01  4.920e-01
 6.600e+02  3.000e-01  2.180e-01
 6.600e+02  4.000e-01  1.230e-01
 6.600e+02  5.000e-01  7.860e-02
 6.600e+02  6.000e-01  5.460e-02
 6.600e+02  7.000e-01  4.010e-02
 6.600e+02  8.000e-01  3.070e-02
 6.600e+02  9.000e-01  2.430e-02
 6.600e+02  1.000e+00  1.970e-02
 6.600e+02  2.000e+00  4.930e-03
 6.600e+02  3.000e+00  2.220e-03
 6.600e+02  4.000e+00  1.300e-03
 6.600e+02  5.000e+00  8.960e-04
 6.600e+02  6.000e+00  7.040e-04
 6.600e+02  7.000e+00  6.170e-04
 6.600e+02  8.000e+00  5.890e-04
 6.600e+02  9.000e+00  5.990e-04
 6.600e+02  1.000e+01  6.360e-04
 6.600e+02  1.100e+01  6.940e-04
 6.600e+02  1.200e+01  7.690e-04
 6.600e+02  1.300e+01  8.590e-04
 6.600e+02  1.400e+01  9.620e-04
 6.600e+02  1.500e+01  1.080e-03
 6.600e+02  1.600e+01  1.200e-03
 6.600e+02  1.700e+01  1.340e-03
 6.600e+02  1.800e+01  1.480e-03
 6.600e+02  1.900e+01  1.640e-03
 6.600e+02  2.000e+01  1.810e-03
 6.600e+02  2.500e+01  2.780e-03
 6.600e+02  3.000e+01  3.980e-03
 6.600e+02  3.500e+01  5.400e-03
 6.600e+02  4.000e+01  7.040e-03
 6.600e+02  4.500e+01  8.910e-03
 6.600e+02  5.000e+01  1.100e-02
 6.600e+02  5.500e+01  1.330e-02
 6.600e+02  6.000e+01  1.580e-02
