# mhp       tanbeta      NLO_xsec
 4.600e+02  1.000e-01  8.650e+00
 4.600e+02  2.000e-01  2.160e+00
 4.600e+02  3.000e-01  9.610e-01
 4.600e+02  4.000e-01  5.410e-01
 4.600e+02  5.000e-01  3.460e-01
 4.600e+02  6.000e-01  2.400e-01
 4.600e+02  7.000e-01  1.770e-01
 4.600e+02  8.000e-01  1.350e-01
 4.600e+02  9.000e-01  1.070e-01
 4.600e+02  1.000e+00  8.650e-02
 4.600e+02  2.000e+00  2.170e-02
 4.600e+02  3.000e+00  9.790e-03
 4.600e+02  4.000e+00  5.720e-03
 4.600e+02  5.000e+00  3.950e-03
 4.600e+02  6.000e+00  3.110e-03
 4.600e+02  7.000e+00  2.730e-03
 4.600e+02  8.000e+00  2.610e-03
 4.600e+02  9.000e+00  2.660e-03
 4.600e+02  1.000e+01  2.830e-03
 4.600e+02  1.100e+01  3.090e-03
 4.600e+02  1.200e+01  3.430e-03
 4.600e+02  1.300e+01  3.830e-03
 4.600e+02  1.400e+01  4.290e-03
 4.600e+02  1.500e+01  4.800e-03
 4.600e+02  1.600e+01  5.360e-03
 4.600e+02  1.700e+01  5.970e-03
 4.600e+02  1.800e+01  6.620e-03
 4.600e+02  1.900e+01  7.320e-03
 4.600e+02  2.000e+01  8.060e-03
 4.600e+02  2.500e+01  1.240e-02
 4.600e+02  3.000e+01  1.770e-02
 4.600e+02  3.500e+01  2.410e-02
 4.600e+02  4.000e+01  3.140e-02
 4.600e+02  4.500e+01  3.980e-02
 4.600e+02  5.000e+01  4.910e-02
 4.600e+02  5.500e+01  5.940e-02
 4.600e+02  6.000e+01  7.060e-02
