# mhp       tanbeta      NLO_xsec
 5.200e+02  1.000e-01  5.370e+00
 5.200e+02  2.000e-01  1.340e+00
 5.200e+02  3.000e-01  5.970e-01
 5.200e+02  4.000e-01  3.360e-01
 5.200e+02  5.000e-01  2.150e-01
 5.200e+02  6.000e-01  1.490e-01
 5.200e+02  7.000e-01  1.100e-01
 5.200e+02  8.000e-01  8.400e-02
 5.200e+02  9.000e-01  6.630e-02
 5.200e+02  1.000e+00  5.370e-02
 5.200e+02  2.000e+00  1.350e-02
 5.200e+02  3.000e+00  6.080e-03
 5.200e+02  4.000e+00  3.550e-03
 5.200e+02  5.000e+00  2.450e-03
 5.200e+02  6.000e+00  1.920e-03
 5.200e+02  7.000e+00  1.680e-03
 5.200e+02  8.000e+00  1.600e-03
 5.200e+02  9.000e+00  1.630e-03
 5.200e+02  1.000e+01  1.730e-03
 5.200e+02  1.100e+01  1.880e-03
 5.200e+02  1.200e+01  2.080e-03
 5.200e+02  1.300e+01  2.330e-03
 5.200e+02  1.400e+01  2.600e-03
 5.200e+02  1.500e+01  2.910e-03
 5.200e+02  1.600e+01  3.250e-03
 5.200e+02  1.700e+01  3.620e-03
 5.200e+02  1.800e+01  4.010e-03
 5.200e+02  1.900e+01  4.440e-03
 5.200e+02  2.000e+01  4.890e-03
 5.200e+02  2.500e+01  7.510e-03
 5.200e+02  3.000e+01  1.080e-02
 5.200e+02  3.500e+01  1.460e-02
 5.200e+02  4.000e+01  1.900e-02
 5.200e+02  4.500e+01  2.410e-02
 5.200e+02  5.000e+01  2.970e-02
 5.200e+02  5.500e+01  3.590e-02
 5.200e+02  6.000e+01  4.280e-02
