# mhp       tanbeta      NLO_xsec
 3.600e+02  1.000e-01  2.010e+01
 3.600e+02  2.000e-01  5.040e+00
 3.600e+02  3.000e-01  2.240e+00
 3.600e+02  4.000e-01  1.260e+00
 3.600e+02  5.000e-01  8.060e-01
 3.600e+02  6.000e-01  5.600e-01
 3.600e+02  7.000e-01  4.110e-01
 3.600e+02  8.000e-01  3.150e-01
 3.600e+02  9.000e-01  2.490e-01
 3.600e+02  1.000e+00  2.010e-01
 3.600e+02  2.000e+00  5.050e-02
 3.600e+02  3.000e+00  2.280e-02
 3.600e+02  4.000e+00  1.330e-02
 3.600e+02  5.000e+00  9.190e-03
 3.600e+02  6.000e+00  7.220e-03
 3.600e+02  7.000e+00  6.320e-03
 3.600e+02  8.000e+00  6.040e-03
 3.600e+02  9.000e+00  6.150e-03
 3.600e+02  1.000e+01  6.530e-03
 3.600e+02  1.100e+01  7.130e-03
 3.600e+02  1.200e+01  7.900e-03
 3.600e+02  1.300e+01  8.830e-03
 3.600e+02  1.400e+01  9.880e-03
 3.600e+02  1.500e+01  1.110e-02
 3.600e+02  1.600e+01  1.240e-02
 3.600e+02  1.700e+01  1.380e-02
 3.600e+02  1.800e+01  1.530e-02
 3.600e+02  1.900e+01  1.690e-02
 3.600e+02  2.000e+01  1.860e-02
 3.600e+02  2.500e+01  2.860e-02
 3.600e+02  3.000e+01  4.090e-02
 3.600e+02  3.500e+01  5.550e-02
 3.600e+02  4.000e+01  7.240e-02
 3.600e+02  4.500e+01  9.160e-02
 3.600e+02  5.000e+01  1.130e-01
 3.600e+02  5.500e+01  1.370e-01
 3.600e+02  6.000e+01  1.630e-01
