# mhp       tanbeta      NLO_xsec
 1.200e+03  1.000e-01  7.530e-02
 1.200e+03  2.000e-01  1.880e-02
 1.200e+03  3.000e-01  8.360e-03
 1.200e+03  4.000e-01  4.700e-03
 1.200e+03  5.000e-01  3.010e-03
 1.200e+03  6.000e-01  2.090e-03
 1.200e+03  7.000e-01  1.540e-03
 1.200e+03  8.000e-01  1.180e-03
 1.200e+03  9.000e-01  9.290e-04
 1.200e+03  1.000e+00  7.530e-04
 1.200e+03  2.000e+00  1.890e-04
 1.200e+03  3.000e+00  8.510e-05
 1.200e+03  4.000e+00  4.970e-05
 1.200e+03  5.000e+00  3.420e-05
 1.200e+03  6.000e+00  2.680e-05
 1.200e+03  7.000e+00  2.340e-05
 1.200e+03  8.000e+00  2.230e-05
 1.200e+03  9.000e+00  2.270e-05
 1.200e+03  1.000e+01  2.400e-05
 1.200e+03  1.100e+01  2.620e-05
 1.200e+03  1.200e+01  2.900e-05
 1.200e+03  1.300e+01  3.230e-05
 1.200e+03  1.400e+01  3.620e-05
 1.200e+03  1.500e+01  4.050e-05
 1.200e+03  1.600e+01  4.520e-05
 1.200e+03  1.700e+01  5.030e-05
 1.200e+03  1.800e+01  5.580e-05
 1.200e+03  1.900e+01  6.170e-05
 1.200e+03  2.000e+01  6.790e-05
 1.200e+03  2.500e+01  1.040e-04
 1.200e+03  3.000e+01  1.490e-04
 1.200e+03  3.500e+01  2.030e-04
 1.200e+03  4.000e+01  2.650e-04
 1.200e+03  4.500e+01  3.350e-04
 1.200e+03  5.000e+01  4.130e-04
 1.200e+03  5.500e+01  4.990e-04
 1.200e+03  6.000e+01  5.940e-04
