# mhp       tanbeta      NLO_xsec
 5.400e+02  1.000e-01  4.660e+00
 5.400e+02  2.000e-01  1.170e+00
 5.400e+02  3.000e-01  5.180e-01
 5.400e+02  4.000e-01  2.910e-01
 5.400e+02  5.000e-01  1.860e-01
 5.400e+02  6.000e-01  1.290e-01
 5.400e+02  7.000e-01  9.510e-02
 5.400e+02  8.000e-01  7.280e-02
 5.400e+02  9.000e-01  5.750e-02
 5.400e+02  1.000e+00  4.660e-02
 5.400e+02  2.000e+00  1.170e-02
 5.400e+02  3.000e+00  5.270e-03
 5.400e+02  4.000e+00  3.080e-03
 5.400e+02  5.000e+00  2.130e-03
 5.400e+02  6.000e+00  1.670e-03
 5.400e+02  7.000e+00  1.470e-03
 5.400e+02  8.000e+00  1.400e-03
 5.400e+02  9.000e+00  1.430e-03
 5.400e+02  1.000e+01  1.520e-03
 5.400e+02  1.100e+01  1.660e-03
 5.400e+02  1.200e+01  1.840e-03
 5.400e+02  1.300e+01  2.050e-03
 5.400e+02  1.400e+01  2.300e-03
 5.400e+02  1.500e+01  2.570e-03
 5.400e+02  1.600e+01  2.870e-03
 5.400e+02  1.700e+01  3.200e-03
 5.400e+02  1.800e+01  3.540e-03
 5.400e+02  1.900e+01  3.920e-03
 5.400e+02  2.000e+01  4.320e-03
 5.400e+02  2.500e+01  6.640e-03
 5.400e+02  3.000e+01  9.500e-03
 5.400e+02  3.500e+01  1.290e-02
 5.400e+02  4.000e+01  1.680e-02
 5.400e+02  4.500e+01  2.130e-02
 5.400e+02  5.000e+01  2.630e-02
 5.400e+02  5.500e+01  3.180e-02
 5.400e+02  6.000e+01  3.780e-02
