# mhp       tanbeta      NLO_xsec
 9.000e+02  1.000e-01  3.890e-01
 9.000e+02  2.000e-01  9.730e-02
 9.000e+02  3.000e-01  4.330e-02
 9.000e+02  4.000e-01  2.430e-02
 9.000e+02  5.000e-01  1.560e-02
 9.000e+02  6.000e-01  1.080e-02
 9.000e+02  7.000e-01  7.940e-03
 9.000e+02  8.000e-01  6.080e-03
 9.000e+02  9.000e-01  4.810e-03
 9.000e+02  1.000e+00  3.890e-03
 9.000e+02  2.000e+00  9.770e-04
 9.000e+02  3.000e+00  4.400e-04
 9.000e+02  4.000e+00  2.570e-04
 9.000e+02  5.000e+00  1.770e-04
 9.000e+02  6.000e+00  1.390e-04
 9.000e+02  7.000e+00  1.210e-04
 9.000e+02  8.000e+00  1.150e-04
 9.000e+02  9.000e+00  1.160e-04
 9.000e+02  1.000e+01  1.230e-04
 9.000e+02  1.100e+01  1.340e-04
 9.000e+02  1.200e+01  1.490e-04
 9.000e+02  1.300e+01  1.660e-04
 9.000e+02  1.400e+01  1.850e-04
 9.000e+02  1.500e+01  2.070e-04
 9.000e+02  1.600e+01  2.310e-04
 9.000e+02  1.700e+01  2.570e-04
 9.000e+02  1.800e+01  2.860e-04
 9.000e+02  1.900e+01  3.160e-04
 9.000e+02  2.000e+01  3.470e-04
 9.000e+02  2.500e+01  5.340e-04
 9.000e+02  3.000e+01  7.640e-04
 9.000e+02  3.500e+01  1.040e-03
 9.000e+02  4.000e+01  1.350e-03
 9.000e+02  4.500e+01  1.710e-03
 9.000e+02  5.000e+01  2.110e-03
 9.000e+02  5.500e+01  2.550e-03
 9.000e+02  6.000e+01  3.040e-03
