# mhp       tanbeta      NLO_xsec
 1.200e+03  1.000e-01  8.590e-02
 1.200e+03  2.000e-01  2.150e-02
 1.200e+03  3.000e-01  9.540e-03
 1.200e+03  4.000e-01  5.370e-03
 1.200e+03  5.000e-01  3.440e-03
 1.200e+03  6.000e-01  2.390e-03
 1.200e+03  7.000e-01  1.750e-03
 1.200e+03  8.000e-01  1.340e-03
 1.200e+03  9.000e-01  1.060e-03
 1.200e+03  1.000e+00  8.590e-04
 1.200e+03  2.000e+00  2.160e-04
 1.200e+03  3.000e+00  9.710e-05
 1.200e+03  4.000e+00  5.670e-05
 1.200e+03  5.000e+00  3.910e-05
 1.200e+03  6.000e+00  3.060e-05
 1.200e+03  7.000e+00  2.670e-05
 1.200e+03  8.000e+00  2.550e-05
 1.200e+03  9.000e+00  2.580e-05
 1.200e+03  1.000e+01  2.740e-05
 1.200e+03  1.100e+01  2.990e-05
 1.200e+03  1.200e+01  3.310e-05
 1.200e+03  1.300e+01  3.690e-05
 1.200e+03  1.400e+01  4.130e-05
 1.200e+03  1.500e+01  4.610e-05
 1.200e+03  1.600e+01  5.150e-05
 1.200e+03  1.700e+01  5.730e-05
 1.200e+03  1.800e+01  6.360e-05
 1.200e+03  1.900e+01  7.030e-05
 1.200e+03  2.000e+01  7.740e-05
 1.200e+03  2.500e+01  1.190e-04
 1.200e+03  3.000e+01  1.700e-04
 1.200e+03  3.500e+01  2.310e-04
 1.200e+03  4.000e+01  3.020e-04
 1.200e+03  4.500e+01  3.810e-04
 1.200e+03  5.000e+01  4.710e-04
 1.200e+03  5.500e+01  5.690e-04
 1.200e+03  6.000e+01  6.780e-04
