# mhp       tanbeta      NLO_xsec
 3.000e+02  1.000e-01  3.360e+01
 3.000e+02  2.000e-01  8.390e+00
 3.000e+02  3.000e-01  3.730e+00
 3.000e+02  4.000e-01  2.100e+00
 3.000e+02  5.000e-01  1.340e+00
 3.000e+02  6.000e-01  9.330e-01
 3.000e+02  7.000e-01  6.850e-01
 3.000e+02  8.000e-01  5.250e-01
 3.000e+02  9.000e-01  4.150e-01
 3.000e+02  1.000e+00  3.360e-01
 3.000e+02  2.000e+00  8.420e-02
 3.000e+02  3.000e+00  3.800e-02
 3.000e+02  4.000e+00  2.220e-02
 3.000e+02  5.000e+00  1.540e-02
 3.000e+02  6.000e+00  1.210e-02
 3.000e+02  7.000e+00  1.060e-02
 3.000e+02  8.000e+00  1.020e-02
 3.000e+02  9.000e+00  1.040e-02
 3.000e+02  1.000e+01  1.110e-02
 3.000e+02  1.100e+01  1.210e-02
 3.000e+02  1.200e+01  1.350e-02
 3.000e+02  1.300e+01  1.510e-02
 3.000e+02  1.400e+01  1.690e-02
 3.000e+02  1.500e+01  1.890e-02
 3.000e+02  1.600e+01  2.110e-02
 3.000e+02  1.700e+01  2.350e-02
 3.000e+02  1.800e+01  2.610e-02
 3.000e+02  1.900e+01  2.890e-02
 3.000e+02  2.000e+01  3.180e-02
 3.000e+02  2.500e+01  4.890e-02
 3.000e+02  3.000e+01  7.000e-02
 3.000e+02  3.500e+01  9.510e-02
 3.000e+02  4.000e+01  1.240e-01
 3.000e+02  4.500e+01  1.570e-01
 3.000e+02  5.000e+01  1.940e-01
 3.000e+02  5.500e+01  2.340e-01
 3.000e+02  6.000e+01  2.790e-01
