# mhp       tanbeta      NLO_xsec
 3.200e+02  1.000e-01  2.800e+01
 3.200e+02  2.000e-01  7.000e+00
 3.200e+02  3.000e-01  3.110e+00
 3.200e+02  4.000e-01  1.750e+00
 3.200e+02  5.000e-01  1.120e+00
 3.200e+02  6.000e-01  7.770e-01
 3.200e+02  7.000e-01  5.710e-01
 3.200e+02  8.000e-01  4.370e-01
 3.200e+02  9.000e-01  3.460e-01
 3.200e+02  1.000e+00  2.800e-01
 3.200e+02  2.000e+00  7.020e-02
 3.200e+02  3.000e+00  3.170e-02
 3.200e+02  4.000e+00  1.850e-02
 3.200e+02  5.000e+00  1.280e-02
 3.200e+02  6.000e+00  1.010e-02
 3.200e+02  7.000e+00  8.870e-03
 3.200e+02  8.000e+00  8.490e-03
 3.200e+02  9.000e+00  8.670e-03
 3.200e+02  1.000e+01  9.230e-03
 3.200e+02  1.100e+01  1.010e-02
 3.200e+02  1.200e+01  1.120e-02
 3.200e+02  1.300e+01  1.250e-02
 3.200e+02  1.400e+01  1.400e-02
 3.200e+02  1.500e+01  1.570e-02
 3.200e+02  1.600e+01  1.760e-02
 3.200e+02  1.700e+01  1.960e-02
 3.200e+02  1.800e+01  2.170e-02
 3.200e+02  1.900e+01  2.400e-02
 3.200e+02  2.000e+01  2.640e-02
 3.200e+02  2.500e+01  4.070e-02
 3.200e+02  3.000e+01  5.820e-02
 3.200e+02  3.500e+01  7.910e-02
 3.200e+02  4.000e+01  1.030e-01
 3.200e+02  4.500e+01  1.300e-01
 3.200e+02  5.000e+01  1.610e-01
 3.200e+02  5.500e+01  1.950e-01
 3.200e+02  6.000e+01  2.320e-01
