# mhp       tanbeta      NLO_xsec
 9.600e+02  1.000e-01  3.160e-01
 9.600e+02  2.000e-01  7.890e-02
 9.600e+02  3.000e-01  3.510e-02
 9.600e+02  4.000e-01  1.970e-02
 9.600e+02  5.000e-01  1.260e-02
 9.600e+02  6.000e-01  8.770e-03
 9.600e+02  7.000e-01  6.440e-03
 9.600e+02  8.000e-01  4.930e-03
 9.600e+02  9.000e-01  3.900e-03
 9.600e+02  1.000e+00  3.160e-03
 9.600e+02  2.000e+00  7.920e-04
 9.600e+02  3.000e+00  3.570e-04
 9.600e+02  4.000e+00  2.080e-04
 9.600e+02  5.000e+00  1.440e-04
 9.600e+02  6.000e+00  1.130e-04
 9.600e+02  7.000e+00  9.850e-05
 9.600e+02  8.000e+00  9.390e-05
 9.600e+02  9.000e+00  9.540e-05
 9.600e+02  1.000e+01  1.010e-04
 9.600e+02  1.100e+01  1.100e-04
 9.600e+02  1.200e+01  1.220e-04
 9.600e+02  1.300e+01  1.360e-04
 9.600e+02  1.400e+01  1.530e-04
 9.600e+02  1.500e+01  1.710e-04
 9.600e+02  1.600e+01  1.910e-04
 9.600e+02  1.700e+01  2.120e-04
 9.600e+02  1.800e+01  2.350e-04
 9.600e+02  1.900e+01  2.600e-04
 9.600e+02  2.000e+01  2.860e-04
 9.600e+02  2.500e+01  4.400e-04
 9.600e+02  3.000e+01  6.300e-04
 9.600e+02  3.500e+01  8.550e-04
 9.600e+02  4.000e+01  1.120e-03
 9.600e+02  4.500e+01  1.410e-03
 9.600e+02  5.000e+01  1.740e-03
 9.600e+02  5.500e+01  2.110e-03
 9.600e+02  6.000e+01  2.510e-03
