# mhp       tanbeta      NLO_xsec
 8.600e+02  1.000e-01  5.010e-01
 8.600e+02  2.000e-01  1.250e-01
 8.600e+02  3.000e-01  5.570e-02
 8.600e+02  4.000e-01  3.130e-02
 8.600e+02  5.000e-01  2.000e-02
 8.600e+02  6.000e-01  1.390e-02
 8.600e+02  7.000e-01  1.020e-02
 8.600e+02  8.000e-01  7.830e-03
 8.600e+02  9.000e-01  6.190e-03
 8.600e+02  1.000e+00  5.010e-03
 8.600e+02  2.000e+00  1.260e-03
 8.600e+02  3.000e+00  5.660e-04
 8.600e+02  4.000e+00  3.310e-04
 8.600e+02  5.000e+00  2.280e-04
 8.600e+02  6.000e+00  1.780e-04
 8.600e+02  7.000e+00  1.560e-04
 8.600e+02  8.000e+00  1.480e-04
 8.600e+02  9.000e+00  1.500e-04
 8.600e+02  1.000e+01  1.590e-04
 8.600e+02  1.100e+01  1.730e-04
 8.600e+02  1.200e+01  1.910e-04
 8.600e+02  1.300e+01  2.130e-04
 8.600e+02  1.400e+01  2.390e-04
 8.600e+02  1.500e+01  2.670e-04
 8.600e+02  1.600e+01  2.980e-04
 8.600e+02  1.700e+01  3.320e-04
 8.600e+02  1.800e+01  3.680e-04
 8.600e+02  1.900e+01  4.070e-04
 8.600e+02  2.000e+01  4.480e-04
 8.600e+02  2.500e+01  6.880e-04
 8.600e+02  3.000e+01  9.850e-04
 8.600e+02  3.500e+01  1.340e-03
 8.600e+02  4.000e+01  1.740e-03
 8.600e+02  4.500e+01  2.210e-03
 8.600e+02  5.000e+01  2.720e-03
 8.600e+02  5.500e+01  3.290e-03
 8.600e+02  6.000e+01  3.920e-03
