# mhp       tanbeta      NLO_xsec
 6.000e+02  1.000e-01  2.940e+00
 6.000e+02  2.000e-01  7.350e-01
 6.000e+02  3.000e-01  3.270e-01
 6.000e+02  4.000e-01  1.840e-01
 6.000e+02  5.000e-01  1.180e-01
 6.000e+02  6.000e-01  8.170e-02
 6.000e+02  7.000e-01  6.000e-02
 6.000e+02  8.000e-01  4.600e-02
 6.000e+02  9.000e-01  3.630e-02
 6.000e+02  1.000e+00  2.940e-02
 6.000e+02  2.000e+00  7.380e-03
 6.000e+02  3.000e+00  3.330e-03
 6.000e+02  4.000e+00  1.940e-03
 6.000e+02  5.000e+00  1.340e-03
 6.000e+02  6.000e+00  1.050e-03
 6.000e+02  7.000e+00  9.170e-04
 6.000e+02  8.000e+00  8.730e-04
 6.000e+02  9.000e+00  8.870e-04
 6.000e+02  1.000e+01  9.410e-04
 6.000e+02  1.100e+01  1.030e-03
 6.000e+02  1.200e+01  1.140e-03
 6.000e+02  1.300e+01  1.270e-03
 6.000e+02  1.400e+01  1.420e-03
 6.000e+02  1.500e+01  1.590e-03
 6.000e+02  1.600e+01  1.770e-03
 6.000e+02  1.700e+01  1.970e-03
 6.000e+02  1.800e+01  2.190e-03
 6.000e+02  1.900e+01  2.420e-03
 6.000e+02  2.000e+01  2.660e-03
 6.000e+02  2.500e+01  4.090e-03
 6.000e+02  3.000e+01  5.850e-03
 6.000e+02  3.500e+01  7.950e-03
 6.000e+02  4.000e+01  1.040e-02
 6.000e+02  4.500e+01  1.310e-02
 6.000e+02  5.000e+01  1.620e-02
 6.000e+02  5.500e+01  1.960e-02
 6.000e+02  6.000e+01  2.330e-02
