# mhp       tanbeta      NLO_xsec
 8.000e+02  1.000e-01  8.160e-01
 8.000e+02  2.000e-01  2.040e-01
 8.000e+02  3.000e-01  9.070e-02
 8.000e+02  4.000e-01  5.100e-02
 8.000e+02  5.000e-01  3.270e-02
 8.000e+02  6.000e-01  2.270e-02
 8.000e+02  7.000e-01  1.670e-02
 8.000e+02  8.000e-01  1.280e-02
 8.000e+02  9.000e-01  1.010e-02
 8.000e+02  1.000e+00  8.170e-03
 8.000e+02  2.000e+00  2.050e-03
 8.000e+02  3.000e+00  9.230e-04
 8.000e+02  4.000e+00  5.390e-04
 8.000e+02  5.000e+00  3.720e-04
 8.000e+02  6.000e+00  2.920e-04
 8.000e+02  7.000e+00  2.550e-04
 8.000e+02  8.000e+00  2.430e-04
 8.000e+02  9.000e+00  2.470e-04
 8.000e+02  1.000e+01  2.630e-04
 8.000e+02  1.100e+01  2.870e-04
 8.000e+02  1.200e+01  3.170e-04
 8.000e+02  1.300e+01  3.540e-04
 8.000e+02  1.400e+01  3.970e-04
 8.000e+02  1.500e+01  4.440e-04
 8.000e+02  1.600e+01  4.960e-04
 8.000e+02  1.700e+01  5.520e-04
 8.000e+02  1.800e+01  6.120e-04
 8.000e+02  1.900e+01  6.760e-04
 8.000e+02  2.000e+01  7.450e-04
 8.000e+02  2.500e+01  1.150e-03
 8.000e+02  3.000e+01  1.640e-03
 8.000e+02  3.500e+01  2.230e-03
 8.000e+02  4.000e+01  2.900e-03
 8.000e+02  4.500e+01  3.670e-03
 8.000e+02  5.000e+01  4.530e-03
 8.000e+02  5.500e+01  5.480e-03
 8.000e+02  6.000e+01  6.520e-03
