# mhp       tanbeta      NLO_xsec
 6.000e+02  1.000e-01  3.000e+00
 6.000e+02  2.000e-01  7.500e-01
 6.000e+02  3.000e-01  3.330e-01
 6.000e+02  4.000e-01  1.880e-01
 6.000e+02  5.000e-01  1.200e-01
 6.000e+02  6.000e-01  8.340e-02
 6.000e+02  7.000e-01  6.120e-02
 6.000e+02  8.000e-01  4.690e-02
 6.000e+02  9.000e-01  3.710e-02
 6.000e+02  1.000e+00  3.000e-02
 6.000e+02  2.000e+00  7.530e-03
 6.000e+02  3.000e+00  3.390e-03
 6.000e+02  4.000e+00  1.980e-03
 6.000e+02  5.000e+00  1.370e-03
 6.000e+02  6.000e+00  1.080e-03
 6.000e+02  7.000e+00  9.420e-04
 6.000e+02  8.000e+00  9.000e-04
 6.000e+02  9.000e+00  9.160e-04
 6.000e+02  1.000e+01  9.730e-04
 6.000e+02  1.100e+01  1.060e-03
 6.000e+02  1.200e+01  1.180e-03
 6.000e+02  1.300e+01  1.320e-03
 6.000e+02  1.400e+01  1.470e-03
 6.000e+02  1.500e+01  1.650e-03
 6.000e+02  1.600e+01  1.840e-03
 6.000e+02  1.700e+01  2.050e-03
 6.000e+02  1.800e+01  2.270e-03
 6.000e+02  1.900e+01  2.510e-03
 6.000e+02  2.000e+01  2.770e-03
 6.000e+02  2.500e+01  4.260e-03
 6.000e+02  3.000e+01  6.090e-03
 6.000e+02  3.500e+01  8.270e-03
 6.000e+02  4.000e+01  1.080e-02
 6.000e+02  4.500e+01  1.360e-02
 6.000e+02  5.000e+01  1.680e-02
 6.000e+02  5.500e+01  2.040e-02
 6.000e+02  6.000e+01  2.420e-02
