# mhp       tanbeta      NLO_xsec
 2.200e+02  1.000e-01  7.610e+01
 2.200e+02  2.000e-01  1.900e+01
 2.200e+02  3.000e-01  8.450e+00
 2.200e+02  4.000e-01  4.760e+00
 2.200e+02  5.000e-01  3.040e+00
 2.200e+02  6.000e-01  2.110e+00
 2.200e+02  7.000e-01  1.550e+00
 2.200e+02  8.000e-01  1.190e+00
 2.200e+02  9.000e-01  9.400e-01
 2.200e+02  1.000e+00  7.610e-01
 2.200e+02  2.000e+00  1.910e-01
 2.200e+02  3.000e+00  8.610e-02
 2.200e+02  4.000e+00  5.030e-02
 2.200e+02  5.000e+00  3.480e-02
 2.200e+02  6.000e+00  2.740e-02
 2.200e+02  7.000e+00  2.400e-02
 2.200e+02  8.000e+00  2.300e-02
 2.200e+02  9.000e+00  2.350e-02
 2.200e+02  1.000e+01  2.500e-02
 2.200e+02  1.100e+01  2.730e-02
 2.200e+02  1.200e+01  3.030e-02
 2.200e+02  1.300e+01  3.390e-02
 2.200e+02  1.400e+01  3.800e-02
 2.200e+02  1.500e+01  4.250e-02
 2.200e+02  1.600e+01  4.750e-02
 2.200e+02  1.700e+01  5.290e-02
 2.200e+02  1.800e+01  5.870e-02
 2.200e+02  1.900e+01  6.490e-02
 2.200e+02  2.000e+01  7.140e-02
 2.200e+02  2.500e+01  1.100e-01
 2.200e+02  3.000e+01  1.570e-01
 2.200e+02  3.500e+01  2.140e-01
 2.200e+02  4.000e+01  2.790e-01
 2.200e+02  4.500e+01  3.520e-01
 2.200e+02  5.000e+01  4.350e-01
 2.200e+02  5.500e+01  5.260e-01
 2.200e+02  6.000e+01  6.260e-01
