# mhp       tanbeta      NLO_xsec
 4.200e+02  1.000e-01  1.190e+01
 4.200e+02  2.000e-01  2.970e+00
 4.200e+02  3.000e-01  1.320e+00
 4.200e+02  4.000e-01  7.430e-01
 4.200e+02  5.000e-01  4.760e-01
 4.200e+02  6.000e-01  3.300e-01
 4.200e+02  7.000e-01  2.430e-01
 4.200e+02  8.000e-01  1.860e-01
 4.200e+02  9.000e-01  1.470e-01
 4.200e+02  1.000e+00  1.190e-01
 4.200e+02  2.000e+00  2.980e-02
 4.200e+02  3.000e+00  1.350e-02
 4.200e+02  4.000e+00  7.860e-03
 4.200e+02  5.000e+00  5.430e-03
 4.200e+02  6.000e+00  4.280e-03
 4.200e+02  7.000e+00  3.750e-03
 4.200e+02  8.000e+00  3.590e-03
 4.200e+02  9.000e+00  3.660e-03
 4.200e+02  1.000e+01  3.890e-03
 4.200e+02  1.100e+01  4.260e-03
 4.200e+02  1.200e+01  4.720e-03
 4.200e+02  1.300e+01  5.270e-03
 4.200e+02  1.400e+01  5.910e-03
 4.200e+02  1.500e+01  6.610e-03
 4.200e+02  1.600e+01  7.390e-03
 4.200e+02  1.700e+01  8.230e-03
 4.200e+02  1.800e+01  9.130e-03
 4.200e+02  1.900e+01  1.010e-02
 4.200e+02  2.000e+01  1.110e-02
 4.200e+02  2.500e+01  1.710e-02
 4.200e+02  3.000e+01  2.450e-02
 4.200e+02  3.500e+01  3.320e-02
 4.200e+02  4.000e+01  4.340e-02
 4.200e+02  4.500e+01  5.480e-02
 4.200e+02  5.000e+01  6.770e-02
 4.200e+02  5.500e+01  8.190e-02
 4.200e+02  6.000e+01  9.740e-02
