# mhp       tanbeta      NLO_xsec
 7.800e+02  1.000e-01  9.250e-01
 7.800e+02  2.000e-01  2.310e-01
 7.800e+02  3.000e-01  1.030e-01
 7.800e+02  4.000e-01  5.780e-02
 7.800e+02  5.000e-01  3.700e-02
 7.800e+02  6.000e-01  2.570e-02
 7.800e+02  7.000e-01  1.890e-02
 7.800e+02  8.000e-01  1.440e-02
 7.800e+02  9.000e-01  1.140e-02
 7.800e+02  1.000e+00  9.250e-03
 7.800e+02  2.000e+00  2.320e-03
 7.800e+02  3.000e+00  1.050e-03
 7.800e+02  4.000e+00  6.110e-04
 7.800e+02  5.000e+00  4.210e-04
 7.800e+02  6.000e+00  3.310e-04
 7.800e+02  7.000e+00  2.890e-04
 7.800e+02  8.000e+00  2.760e-04
 7.800e+02  9.000e+00  2.800e-04
 7.800e+02  1.000e+01  2.980e-04
 7.800e+02  1.100e+01  3.250e-04
 7.800e+02  1.200e+01  3.600e-04
 7.800e+02  1.300e+01  4.020e-04
 7.800e+02  1.400e+01  4.500e-04
 7.800e+02  1.500e+01  5.030e-04
 7.800e+02  1.600e+01  5.620e-04
 7.800e+02  1.700e+01  6.250e-04
 7.800e+02  1.800e+01  6.940e-04
 7.800e+02  1.900e+01  7.670e-04
 7.800e+02  2.000e+01  8.440e-04
 7.800e+02  2.500e+01  1.300e-03
 7.800e+02  3.000e+01  1.860e-03
 7.800e+02  3.500e+01  2.520e-03
 7.800e+02  4.000e+01  3.290e-03
 7.800e+02  4.500e+01  4.160e-03
 7.800e+02  5.000e+01  5.140e-03
 7.800e+02  5.500e+01  6.210e-03
 7.800e+02  6.000e+01  7.390e-03
