# mhp       tanbeta      NLO_xsec
 3.800e+02  1.000e-01  1.660e+01
 3.800e+02  2.000e-01  4.140e+00
 3.800e+02  3.000e-01  1.840e+00
 3.800e+02  4.000e-01  1.040e+00
 3.800e+02  5.000e-01  6.630e-01
 3.800e+02  6.000e-01  4.610e-01
 3.800e+02  7.000e-01  3.380e-01
 3.800e+02  8.000e-01  2.590e-01
 3.800e+02  9.000e-01  2.050e-01
 3.800e+02  1.000e+00  1.660e-01
 3.800e+02  2.000e+00  4.160e-02
 3.800e+02  3.000e+00  1.880e-02
 3.800e+02  4.000e+00  1.100e-02
 3.800e+02  5.000e+00  7.580e-03
 3.800e+02  6.000e+00  5.970e-03
 3.800e+02  7.000e+00  5.240e-03
 3.800e+02  8.000e+00  5.010e-03
 3.800e+02  9.000e+00  5.110e-03
 3.800e+02  1.000e+01  5.440e-03
 3.800e+02  1.100e+01  5.950e-03
 3.800e+02  1.200e+01  6.600e-03
 3.800e+02  1.300e+01  7.380e-03
 3.800e+02  1.400e+01  8.270e-03
 3.800e+02  1.500e+01  9.260e-03
 3.800e+02  1.600e+01  1.030e-02
 3.800e+02  1.700e+01  1.150e-02
 3.800e+02  1.800e+01  1.280e-02
 3.800e+02  1.900e+01  1.410e-02
 3.800e+02  2.000e+01  1.560e-02
 3.800e+02  2.500e+01  2.390e-02
 3.800e+02  3.000e+01  3.430e-02
 3.800e+02  3.500e+01  4.650e-02
 3.800e+02  4.000e+01  6.070e-02
 3.800e+02  4.500e+01  7.680e-02
 3.800e+02  5.000e+01  9.470e-02
 3.800e+02  5.500e+01  1.150e-01
 3.800e+02  6.000e+01  1.360e-01
