# mhp       tanbeta      NLO_xsec
 2.000e+02  1.000e-01  9.380e+01
 2.000e+02  2.000e-01  2.350e+01
 2.000e+02  3.000e-01  1.040e+01
 2.000e+02  4.000e-01  5.870e+00
 2.000e+02  5.000e-01  3.750e+00
 2.000e+02  6.000e-01  2.610e+00
 2.000e+02  7.000e-01  1.920e+00
 2.000e+02  8.000e-01  1.470e+00
 2.000e+02  9.000e-01  1.160e+00
 2.000e+02  1.000e+00  9.390e-01
 2.000e+02  2.000e+00  2.350e-01
 2.000e+02  3.000e+00  1.060e-01
 2.000e+02  4.000e+00  6.210e-02
 2.000e+02  5.000e+00  4.290e-02
 2.000e+02  6.000e+00  3.380e-02
 2.000e+02  7.000e+00  2.970e-02
 2.000e+02  8.000e+00  2.840e-02
 2.000e+02  9.000e+00  2.900e-02
 2.000e+02  1.000e+01  3.090e-02
 2.000e+02  1.100e+01  3.380e-02
 2.000e+02  1.200e+01  3.750e-02
 2.000e+02  1.300e+01  4.190e-02
 2.000e+02  1.400e+01  4.690e-02
 2.000e+02  1.500e+01  5.260e-02
 2.000e+02  1.600e+01  5.870e-02
 2.000e+02  1.700e+01  6.540e-02
 2.000e+02  1.800e+01  7.260e-02
 2.000e+02  1.900e+01  8.020e-02
 2.000e+02  2.000e+01  8.840e-02
 2.000e+02  2.500e+01  1.360e-01
 2.000e+02  3.000e+01  1.950e-01
 2.000e+02  3.500e+01  2.640e-01
 2.000e+02  4.000e+01  3.450e-01
 2.000e+02  4.500e+01  4.360e-01
 2.000e+02  5.000e+01  5.380e-01
 2.000e+02  5.500e+01  6.510e-01
 2.000e+02  6.000e+01  7.740e-01
