# mhp       tanbeta      NLO_xsec
 8.200e+02  1.000e-01  7.220e-01
 8.200e+02  2.000e-01  1.800e-01
 8.200e+02  3.000e-01  8.020e-02
 8.200e+02  4.000e-01  4.510e-02
 8.200e+02  5.000e-01  2.890e-02
 8.200e+02  6.000e-01  2.000e-02
 8.200e+02  7.000e-01  1.470e-02
 8.200e+02  8.000e-01  1.130e-02
 8.200e+02  9.000e-01  8.910e-03
 8.200e+02  1.000e+00  7.220e-03
 8.200e+02  2.000e+00  1.810e-03
 8.200e+02  3.000e+00  8.160e-04
 8.200e+02  4.000e+00  4.770e-04
 8.200e+02  5.000e+00  3.290e-04
 8.200e+02  6.000e+00  2.580e-04
 8.200e+02  7.000e+00  2.260e-04
 8.200e+02  8.000e+00  2.150e-04
 8.200e+02  9.000e+00  2.190e-04
 8.200e+02  1.000e+01  2.320e-04
 8.200e+02  1.100e+01  2.530e-04
 8.200e+02  1.200e+01  2.810e-04
 8.200e+02  1.300e+01  3.130e-04
 8.200e+02  1.400e+01  3.500e-04
 8.200e+02  1.500e+01  3.920e-04
 8.200e+02  1.600e+01  4.380e-04
 8.200e+02  1.700e+01  4.870e-04
 8.200e+02  1.800e+01  5.410e-04
 8.200e+02  1.900e+01  5.980e-04
 8.200e+02  2.000e+01  6.580e-04
 8.200e+02  2.500e+01  1.010e-03
 8.200e+02  3.000e+01  1.450e-03
 8.200e+02  3.500e+01  1.970e-03
 8.200e+02  4.000e+01  2.560e-03
 8.200e+02  4.500e+01  3.240e-03
 8.200e+02  5.000e+01  4.000e-03
 8.200e+02  5.500e+01  4.840e-03
 8.200e+02  6.000e+01  5.760e-03
