# mhp       tanbeta      NLO_xsec
 6.800e+02  1.000e-01  1.760e+00
 6.800e+02  2.000e-01  4.410e-01
 6.800e+02  3.000e-01  1.960e-01
 6.800e+02  4.000e-01  1.100e-01
 6.800e+02  5.000e-01  7.050e-02
 6.800e+02  6.000e-01  4.900e-02
 6.800e+02  7.000e-01  3.600e-02
 6.800e+02  8.000e-01  2.760e-02
 6.800e+02  9.000e-01  2.180e-02
 6.800e+02  1.000e+00  1.760e-02
 6.800e+02  2.000e+00  4.420e-03
 6.800e+02  3.000e+00  1.990e-03
 6.800e+02  4.000e+00  1.170e-03
 6.800e+02  5.000e+00  8.040e-04
 6.800e+02  6.000e+00  6.310e-04
 6.800e+02  7.000e+00  5.530e-04
 6.800e+02  8.000e+00  5.270e-04
 6.800e+02  9.000e+00  5.360e-04
 6.800e+02  1.000e+01  5.700e-04
 6.800e+02  1.100e+01  6.220e-04
 6.800e+02  1.200e+01  6.890e-04
 6.800e+02  1.300e+01  7.690e-04
 6.800e+02  1.400e+01  8.610e-04
 6.800e+02  1.500e+01  9.640e-04
 6.800e+02  1.600e+01  1.080e-03
 6.800e+02  1.700e+01  1.200e-03
 6.800e+02  1.800e+01  1.330e-03
 6.800e+02  1.900e+01  1.470e-03
 6.800e+02  2.000e+01  1.620e-03
 6.800e+02  2.500e+01  2.490e-03
 6.800e+02  3.000e+01  3.560e-03
 6.800e+02  3.500e+01  4.840e-03
 6.800e+02  4.000e+01  6.310e-03
 6.800e+02  4.500e+01  7.980e-03
 6.800e+02  5.000e+01  9.850e-03
 6.800e+02  5.500e+01  1.190e-02
 6.800e+02  6.000e+01  1.420e-02
