# mhp       tanbeta      NLO_xsec
 5.800e+02  1.000e-01  3.510e+00
 5.800e+02  2.000e-01  8.790e-01
 5.800e+02  3.000e-01  3.900e-01
 5.800e+02  4.000e-01  2.200e-01
 5.800e+02  5.000e-01  1.410e-01
 5.800e+02  6.000e-01  9.760e-02
 5.800e+02  7.000e-01  7.170e-02
 5.800e+02  8.000e-01  5.490e-02
 5.800e+02  9.000e-01  4.340e-02
 5.800e+02  1.000e+00  3.510e-02
 5.800e+02  2.000e+00  8.820e-03
 5.800e+02  3.000e+00  3.980e-03
 5.800e+02  4.000e+00  2.320e-03
 5.800e+02  5.000e+00  1.600e-03
 5.800e+02  6.000e+00  1.260e-03
 5.800e+02  7.000e+00  1.100e-03
 5.800e+02  8.000e+00  1.050e-03
 5.800e+02  9.000e+00  1.070e-03
 5.800e+02  1.000e+01  1.140e-03
 5.800e+02  1.100e+01  1.250e-03
 5.800e+02  1.200e+01  1.380e-03
 5.800e+02  1.300e+01  1.540e-03
 5.800e+02  1.400e+01  1.730e-03
 5.800e+02  1.500e+01  1.930e-03
 5.800e+02  1.600e+01  2.160e-03
 5.800e+02  1.700e+01  2.400e-03
 5.800e+02  1.800e+01  2.670e-03
 5.800e+02  1.900e+01  2.950e-03
 5.800e+02  2.000e+01  3.240e-03
 5.800e+02  2.500e+01  4.990e-03
 5.800e+02  3.000e+01  7.140e-03
 5.800e+02  3.500e+01  9.700e-03
 5.800e+02  4.000e+01  1.260e-02
 5.800e+02  4.500e+01  1.600e-02
 5.800e+02  5.000e+01  1.970e-02
 5.800e+02  5.500e+01  2.390e-02
 5.800e+02  6.000e+01  2.840e-02
