# mhp       tanbeta      NLO_xsec
 7.400e+02  1.000e-01  1.100e+00
 7.400e+02  2.000e-01  2.750e-01
 7.400e+02  3.000e-01  1.220e-01
 7.400e+02  4.000e-01  6.870e-02
 7.400e+02  5.000e-01  4.400e-02
 7.400e+02  6.000e-01  3.050e-02
 7.400e+02  7.000e-01  2.240e-02
 7.400e+02  8.000e-01  1.720e-02
 7.400e+02  9.000e-01  1.360e-02
 7.400e+02  1.000e+00  1.100e-02
 7.400e+02  2.000e+00  2.760e-03
 7.400e+02  3.000e+00  1.240e-03
 7.400e+02  4.000e+00  7.250e-04
 7.400e+02  5.000e+00  5.000e-04
 7.400e+02  6.000e+00  3.920e-04
 7.400e+02  7.000e+00  3.420e-04
 7.400e+02  8.000e+00  3.250e-04
 7.400e+02  9.000e+00  3.300e-04
 7.400e+02  1.000e+01  3.500e-04
 7.400e+02  1.100e+01  3.810e-04
 7.400e+02  1.200e+01  4.220e-04
 7.400e+02  1.300e+01  4.700e-04
 7.400e+02  1.400e+01  5.260e-04
 7.400e+02  1.500e+01  5.890e-04
 7.400e+02  1.600e+01  6.570e-04
 7.400e+02  1.700e+01  7.310e-04
 7.400e+02  1.800e+01  8.110e-04
 7.400e+02  1.900e+01  8.960e-04
 7.400e+02  2.000e+01  9.870e-04
 7.400e+02  2.500e+01  1.520e-03
 7.400e+02  3.000e+01  2.170e-03
 7.400e+02  3.500e+01  2.950e-03
 7.400e+02  4.000e+01  3.840e-03
 7.400e+02  4.500e+01  4.860e-03
 7.400e+02  5.000e+01  6.000e-03
 7.400e+02  5.500e+01  7.260e-03
 7.400e+02  6.000e+01  8.640e-03
