# mhp       tanbeta      NLO_xsec
 7.800e+02  1.000e-01  8.420e-01
 7.800e+02  2.000e-01  2.100e-01
 7.800e+02  3.000e-01  9.350e-02
 7.800e+02  4.000e-01  5.260e-02
 7.800e+02  5.000e-01  3.370e-02
 7.800e+02  6.000e-01  2.340e-02
 7.800e+02  7.000e-01  1.720e-02
 7.800e+02  8.000e-01  1.320e-02
 7.800e+02  9.000e-01  1.040e-02
 7.800e+02  1.000e+00  8.420e-03
 7.800e+02  2.000e+00  2.110e-03
 7.800e+02  3.000e+00  9.520e-04
 7.800e+02  4.000e+00  5.550e-04
 7.800e+02  5.000e+00  3.820e-04
 7.800e+02  6.000e+00  3.000e-04
 7.800e+02  7.000e+00  2.620e-04
 7.800e+02  8.000e+00  2.490e-04
 7.800e+02  9.000e+00  2.520e-04
 7.800e+02  1.000e+01  2.670e-04
 7.800e+02  1.100e+01  2.910e-04
 7.800e+02  1.200e+01  3.220e-04
 7.800e+02  1.300e+01  3.600e-04
 7.800e+02  1.400e+01  4.020e-04
 7.800e+02  1.500e+01  4.500e-04
 7.800e+02  1.600e+01  5.020e-04
 7.800e+02  1.700e+01  5.590e-04
 7.800e+02  1.800e+01  6.200e-04
 7.800e+02  1.900e+01  6.850e-04
 7.800e+02  2.000e+01  7.540e-04
 7.800e+02  2.500e+01  1.160e-03
 7.800e+02  3.000e+01  1.660e-03
 7.800e+02  3.500e+01  2.250e-03
 7.800e+02  4.000e+01  2.940e-03
 7.800e+02  4.500e+01  3.720e-03
 7.800e+02  5.000e+01  4.590e-03
 7.800e+02  5.500e+01  5.550e-03
 7.800e+02  6.000e+01  6.600e-03
