# mhp       tanbeta      NLO_xsec
 5.200e+02  1.000e-01  5.450e+00
 5.200e+02  2.000e-01  1.360e+00
 5.200e+02  3.000e-01  6.050e-01
 5.200e+02  4.000e-01  3.400e-01
 5.200e+02  5.000e-01  2.180e-01
 5.200e+02  6.000e-01  1.510e-01
 5.200e+02  7.000e-01  1.110e-01
 5.200e+02  8.000e-01  8.510e-02
 5.200e+02  9.000e-01  6.730e-02
 5.200e+02  1.000e+00  5.450e-02
 5.200e+02  2.000e+00  1.370e-02
 5.200e+02  3.000e+00  6.160e-03
 5.200e+02  4.000e+00  3.600e-03
 5.200e+02  5.000e+00  2.490e-03
 5.200e+02  6.000e+00  1.960e-03
 5.200e+02  7.000e+00  1.710e-03
 5.200e+02  8.000e+00  1.640e-03
 5.200e+02  9.000e+00  1.670e-03
 5.200e+02  1.000e+01  1.770e-03
 5.200e+02  1.100e+01  1.940e-03
 5.200e+02  1.200e+01  2.150e-03
 5.200e+02  1.300e+01  2.400e-03
 5.200e+02  1.400e+01  2.690e-03
 5.200e+02  1.500e+01  3.010e-03
 5.200e+02  1.600e+01  3.360e-03
 5.200e+02  1.700e+01  3.740e-03
 5.200e+02  1.800e+01  4.150e-03
 5.200e+02  1.900e+01  4.590e-03
 5.200e+02  2.000e+01  5.050e-03
 5.200e+02  2.500e+01  7.770e-03
 5.200e+02  3.000e+01  1.110e-02
 5.200e+02  3.500e+01  1.510e-02
 5.200e+02  4.000e+01  1.970e-02
 5.200e+02  4.500e+01  2.490e-02
 5.200e+02  5.000e+01  3.070e-02
 5.200e+02  5.500e+01  3.720e-02
 5.200e+02  6.000e+01  4.420e-02
