# mhp       tanbeta      NLO_xsec
 6.200e+02  1.000e-01  2.600e+00
 6.200e+02  2.000e-01  6.500e-01
 6.200e+02  3.000e-01  2.890e-01
 6.200e+02  4.000e-01  1.630e-01
 6.200e+02  5.000e-01  1.040e-01
 6.200e+02  6.000e-01  7.220e-02
 6.200e+02  7.000e-01  5.310e-02
 6.200e+02  8.000e-01  4.060e-02
 6.200e+02  9.000e-01  3.210e-02
 6.200e+02  1.000e+00  2.600e-02
 6.200e+02  2.000e+00  6.530e-03
 6.200e+02  3.000e+00  2.940e-03
 6.200e+02  4.000e+00  1.720e-03
 6.200e+02  5.000e+00  1.190e-03
 6.200e+02  6.000e+00  9.320e-04
 6.200e+02  7.000e+00  8.160e-04
 6.200e+02  8.000e+00  7.790e-04
 6.200e+02  9.000e+00  7.930e-04
 6.200e+02  1.000e+01  8.430e-04
 6.200e+02  1.100e+01  9.200e-04
 6.200e+02  1.200e+01  1.020e-03
 6.200e+02  1.300e+01  1.140e-03
 6.200e+02  1.400e+01  1.270e-03
 6.200e+02  1.500e+01  1.430e-03
 6.200e+02  1.600e+01  1.590e-03
 6.200e+02  1.700e+01  1.770e-03
 6.200e+02  1.800e+01  1.970e-03
 6.200e+02  1.900e+01  2.180e-03
 6.200e+02  2.000e+01  2.400e-03
 6.200e+02  2.500e+01  3.680e-03
 6.200e+02  3.000e+01  5.270e-03
 6.200e+02  3.500e+01  7.160e-03
 6.200e+02  4.000e+01  9.340e-03
 6.200e+02  4.500e+01  1.180e-02
 6.200e+02  5.000e+01  1.460e-02
 6.200e+02  5.500e+01  1.760e-02
 6.200e+02  6.000e+01  2.100e-02
