# mhp       tanbeta      NLO_xsec
 1.200e+03  1.000e-01  6.590e-02
 1.200e+03  2.000e-01  1.650e-02
 1.200e+03  3.000e-01  7.320e-03
 1.200e+03  4.000e-01  4.120e-03
 1.200e+03  5.000e-01  2.640e-03
 1.200e+03  6.000e-01  1.830e-03
 1.200e+03  7.000e-01  1.350e-03
 1.200e+03  8.000e-01  1.030e-03
 1.200e+03  9.000e-01  8.140e-04
 1.200e+03  1.000e+00  6.590e-04
 1.200e+03  2.000e+00  1.650e-04
 1.200e+03  3.000e+00  7.450e-05
 1.200e+03  4.000e+00  4.350e-05
 1.200e+03  5.000e+00  2.990e-05
 1.200e+03  6.000e+00  2.340e-05
 1.200e+03  7.000e+00  2.040e-05
 1.200e+03  8.000e+00  1.940e-05
 1.200e+03  9.000e+00  1.960e-05
 1.200e+03  1.000e+01  2.080e-05
 1.200e+03  1.100e+01  2.260e-05
 1.200e+03  1.200e+01  2.500e-05
 1.200e+03  1.300e+01  2.790e-05
 1.200e+03  1.400e+01  3.120e-05
 1.200e+03  1.500e+01  3.490e-05
 1.200e+03  1.600e+01  3.890e-05
 1.200e+03  1.700e+01  4.330e-05
 1.200e+03  1.800e+01  4.800e-05
 1.200e+03  1.900e+01  5.300e-05
 1.200e+03  2.000e+01  5.840e-05
 1.200e+03  2.500e+01  8.970e-05
 1.200e+03  3.000e+01  1.280e-04
 1.200e+03  3.500e+01  1.740e-04
 1.200e+03  4.000e+01  2.270e-04
 1.200e+03  4.500e+01  2.880e-04
 1.200e+03  5.000e+01  3.550e-04
 1.200e+03  5.500e+01  4.290e-04
 1.200e+03  6.000e+01  5.110e-04
