# mhp       tanbeta      NLO_xsec
 8.000e+02  1.000e-01  7.380e-01
 8.000e+02  2.000e-01  1.840e-01
 8.000e+02  3.000e-01  8.200e-02
 8.000e+02  4.000e-01  4.610e-02
 8.000e+02  5.000e-01  2.950e-02
 8.000e+02  6.000e-01  2.050e-02
 8.000e+02  7.000e-01  1.510e-02
 8.000e+02  8.000e-01  1.150e-02
 8.000e+02  9.000e-01  9.110e-03
 8.000e+02  1.000e+00  7.380e-03
 8.000e+02  2.000e+00  1.850e-03
 8.000e+02  3.000e+00  8.340e-04
 8.000e+02  4.000e+00  4.870e-04
 8.000e+02  5.000e+00  3.350e-04
 8.000e+02  6.000e+00  2.630e-04
 8.000e+02  7.000e+00  2.290e-04
 8.000e+02  8.000e+00  2.180e-04
 8.000e+02  9.000e+00  2.210e-04
 8.000e+02  1.000e+01  2.340e-04
 8.000e+02  1.100e+01  2.550e-04
 8.000e+02  1.200e+01  2.820e-04
 8.000e+02  1.300e+01  3.150e-04
 8.000e+02  1.400e+01  3.520e-04
 8.000e+02  1.500e+01  3.940e-04
 8.000e+02  1.600e+01  4.400e-04
 8.000e+02  1.700e+01  4.900e-04
 8.000e+02  1.800e+01  5.430e-04
 8.000e+02  1.900e+01  6.000e-04
 8.000e+02  2.000e+01  6.610e-04
 8.000e+02  2.500e+01  1.020e-03
 8.000e+02  3.000e+01  1.450e-03
 8.000e+02  3.500e+01  1.970e-03
 8.000e+02  4.000e+01  2.570e-03
 8.000e+02  4.500e+01  3.260e-03
 8.000e+02  5.000e+01  4.020e-03
 8.000e+02  5.500e+01  4.860e-03
 8.000e+02  6.000e+01  5.780e-03
