# mhp       tanbeta      NLO_xsec
 1.400e+03  1.000e-01  2.190e-02
 1.400e+03  2.000e-01  5.470e-03
 1.400e+03  3.000e-01  2.430e-03
 1.400e+03  4.000e-01  1.370e-03
 1.400e+03  5.000e-01  8.760e-04
 1.400e+03  6.000e-01  6.080e-04
 1.400e+03  7.000e-01  4.470e-04
 1.400e+03  8.000e-01  3.420e-04
 1.400e+03  9.000e-01  2.700e-04
 1.400e+03  1.000e+00  2.190e-04
 1.400e+03  2.000e+00  5.490e-05
 1.400e+03  3.000e+00  2.470e-05
 1.400e+03  4.000e+00  1.440e-05
 1.400e+03  5.000e+00  9.930e-06
 1.400e+03  6.000e+00  7.770e-06
 1.400e+03  7.000e+00  6.770e-06
 1.400e+03  8.000e+00  6.430e-06
 1.400e+03  9.000e+00  6.510e-06
 1.400e+03  1.000e+01  6.890e-06
 1.400e+03  1.100e+01  7.500e-06
 1.400e+03  1.200e+01  8.290e-06
 1.400e+03  1.300e+01  9.240e-06
 1.400e+03  1.400e+01  1.030e-05
 1.400e+03  1.500e+01  1.150e-05
 1.400e+03  1.600e+01  1.290e-05
 1.400e+03  1.700e+01  1.430e-05
 1.400e+03  1.800e+01  1.590e-05
 1.400e+03  1.900e+01  1.760e-05
 1.400e+03  2.000e+01  1.930e-05
 1.400e+03  2.500e+01  2.970e-05
 1.400e+03  3.000e+01  4.250e-05
 1.400e+03  3.500e+01  5.780e-05
 1.400e+03  4.000e+01  7.530e-05
 1.400e+03  4.500e+01  9.530e-05
 1.400e+03  5.000e+01  1.180e-04
 1.400e+03  5.500e+01  1.420e-04
 1.400e+03  6.000e+01  1.690e-04
