# mhp       tanbeta      NLO_xsec
 7.600e+02  1.000e-01  9.610e-01
 7.600e+02  2.000e-01  2.400e-01
 7.600e+02  3.000e-01  1.070e-01
 7.600e+02  4.000e-01  6.010e-02
 7.600e+02  5.000e-01  3.840e-02
 7.600e+02  6.000e-01  2.670e-02
 7.600e+02  7.000e-01  1.960e-02
 7.600e+02  8.000e-01  1.500e-02
 7.600e+02  9.000e-01  1.190e-02
 7.600e+02  1.000e+00  9.610e-03
 7.600e+02  2.000e+00  2.410e-03
 7.600e+02  3.000e+00  1.090e-03
 7.600e+02  4.000e+00  6.340e-04
 7.600e+02  5.000e+00  4.370e-04
 7.600e+02  6.000e+00  3.420e-04
 7.600e+02  7.000e+00  2.990e-04
 7.600e+02  8.000e+00  2.840e-04
 7.600e+02  9.000e+00  2.880e-04
 7.600e+02  1.000e+01  3.060e-04
 7.600e+02  1.100e+01  3.330e-04
 7.600e+02  1.200e+01  3.680e-04
 7.600e+02  1.300e+01  4.110e-04
 7.600e+02  1.400e+01  4.600e-04
 7.600e+02  1.500e+01  5.140e-04
 7.600e+02  1.600e+01  5.740e-04
 7.600e+02  1.700e+01  6.390e-04
 7.600e+02  1.800e+01  7.090e-04
 7.600e+02  1.900e+01  7.830e-04
 7.600e+02  2.000e+01  8.620e-04
 7.600e+02  2.500e+01  1.330e-03
 7.600e+02  3.000e+01  1.900e-03
 7.600e+02  3.500e+01  2.570e-03
 7.600e+02  4.000e+01  3.360e-03
 7.600e+02  4.500e+01  4.250e-03
 7.600e+02  5.000e+01  5.240e-03
 7.600e+02  5.500e+01  6.340e-03
 7.600e+02  6.000e+01  7.550e-03
