# mhp       tanbeta      NLO_xsec
 5.800e+02  1.000e-01  3.470e+00
 5.800e+02  2.000e-01  8.670e-01
 5.800e+02  3.000e-01  3.850e-01
 5.800e+02  4.000e-01  2.170e-01
 5.800e+02  5.000e-01  1.390e-01
 5.800e+02  6.000e-01  9.630e-02
 5.800e+02  7.000e-01  7.080e-02
 5.800e+02  8.000e-01  5.420e-02
 5.800e+02  9.000e-01  4.280e-02
 5.800e+02  1.000e+00  3.470e-02
 5.800e+02  2.000e+00  8.700e-03
 5.800e+02  3.000e+00  3.920e-03
 5.800e+02  4.000e+00  2.290e-03
 5.800e+02  5.000e+00  1.580e-03
 5.800e+02  6.000e+00  1.240e-03
 5.800e+02  7.000e+00  1.090e-03
 5.800e+02  8.000e+00  1.040e-03
 5.800e+02  9.000e+00  1.060e-03
 5.800e+02  1.000e+01  1.130e-03
 5.800e+02  1.100e+01  1.230e-03
 5.800e+02  1.200e+01  1.360e-03
 5.800e+02  1.300e+01  1.520e-03
 5.800e+02  1.400e+01  1.700e-03
 5.800e+02  1.500e+01  1.910e-03
 5.800e+02  1.600e+01  2.130e-03
 5.800e+02  1.700e+01  2.370e-03
 5.800e+02  1.800e+01  2.630e-03
 5.800e+02  1.900e+01  2.910e-03
 5.800e+02  2.000e+01  3.200e-03
 5.800e+02  2.500e+01  4.920e-03
 5.800e+02  3.000e+01  7.050e-03
 5.800e+02  3.500e+01  9.570e-03
 5.800e+02  4.000e+01  1.250e-02
 5.800e+02  4.500e+01  1.580e-02
 5.800e+02  5.000e+01  1.950e-02
 5.800e+02  5.500e+01  2.360e-02
 5.800e+02  6.000e+01  2.810e-02
