# mhp       tanbeta      NLO_xsec
 5.400e+02  1.000e-01  4.610e+00
 5.400e+02  2.000e-01  1.150e+00
 5.400e+02  3.000e-01  5.120e-01
 5.400e+02  4.000e-01  2.880e-01
 5.400e+02  5.000e-01  1.840e-01
 5.400e+02  6.000e-01  1.280e-01
 5.400e+02  7.000e-01  9.400e-02
 5.400e+02  8.000e-01  7.200e-02
 5.400e+02  9.000e-01  5.690e-02
 5.400e+02  1.000e+00  4.610e-02
 5.400e+02  2.000e+00  1.160e-02
 5.400e+02  3.000e+00  5.210e-03
 5.400e+02  4.000e+00  3.040e-03
 5.400e+02  5.000e+00  2.100e-03
 5.400e+02  6.000e+00  1.650e-03
 5.400e+02  7.000e+00  1.440e-03
 5.400e+02  8.000e+00  1.370e-03
 5.400e+02  9.000e+00  1.390e-03
 5.400e+02  1.000e+01  1.480e-03
 5.400e+02  1.100e+01  1.610e-03
 5.400e+02  1.200e+01  1.780e-03
 5.400e+02  1.300e+01  1.990e-03
 5.400e+02  1.400e+01  2.230e-03
 5.400e+02  1.500e+01  2.490e-03
 5.400e+02  1.600e+01  2.780e-03
 5.400e+02  1.700e+01  3.100e-03
 5.400e+02  1.800e+01  3.440e-03
 5.400e+02  1.900e+01  3.800e-03
 5.400e+02  2.000e+01  4.180e-03
 5.400e+02  2.500e+01  6.430e-03
 5.400e+02  3.000e+01  9.200e-03
 5.400e+02  3.500e+01  1.250e-02
 5.400e+02  4.000e+01  1.630e-02
 5.400e+02  4.500e+01  2.060e-02
 5.400e+02  5.000e+01  2.540e-02
 5.400e+02  5.500e+01  3.080e-02
 5.400e+02  6.000e+01  3.660e-02
