# mhp       tanbeta      NLO_xsec
 1.000e+03  1.000e-01  2.520e-01
 1.000e+03  2.000e-01  6.300e-02
 1.000e+03  3.000e-01  2.800e-02
 1.000e+03  4.000e-01  1.570e-02
 1.000e+03  5.000e-01  1.010e-02
 1.000e+03  6.000e-01  7.000e-03
 1.000e+03  7.000e-01  5.140e-03
 1.000e+03  8.000e-01  3.940e-03
 1.000e+03  9.000e-01  3.110e-03
 1.000e+03  1.000e+00  2.520e-03
 1.000e+03  2.000e+00  6.320e-04
 1.000e+03  3.000e+00  2.850e-04
 1.000e+03  4.000e+00  1.660e-04
 1.000e+03  5.000e+00  1.150e-04
 1.000e+03  6.000e+00  8.990e-05
 1.000e+03  7.000e+00  7.860e-05
 1.000e+03  8.000e+00  7.480e-05
 1.000e+03  9.000e+00  7.600e-05
 1.000e+03  1.000e+01  8.060e-05
 1.000e+03  1.100e+01  8.790e-05
 1.000e+03  1.200e+01  9.730e-05
 1.000e+03  1.300e+01  1.090e-04
 1.000e+03  1.400e+01  1.220e-04
 1.000e+03  1.500e+01  1.360e-04
 1.000e+03  1.600e+01  1.520e-04
 1.000e+03  1.700e+01  1.690e-04
 1.000e+03  1.800e+01  1.870e-04
 1.000e+03  1.900e+01  2.070e-04
 1.000e+03  2.000e+01  2.280e-04
 1.000e+03  2.500e+01  3.510e-04
 1.000e+03  3.000e+01  5.020e-04
 1.000e+03  3.500e+01  6.810e-04
 1.000e+03  4.000e+01  8.890e-04
 1.000e+03  4.500e+01  1.120e-03
 1.000e+03  5.000e+01  1.390e-03
 1.000e+03  5.500e+01  1.680e-03
 1.000e+03  6.000e+01  2.000e-03
