# mhp       tanbeta      NLO_xsec
 9.600e+02  1.000e-01  2.920e-01
 9.600e+02  2.000e-01  7.300e-02
 9.600e+02  3.000e-01  3.240e-02
 9.600e+02  4.000e-01  1.820e-02
 9.600e+02  5.000e-01  1.170e-02
 9.600e+02  6.000e-01  8.110e-03
 9.600e+02  7.000e-01  5.960e-03
 9.600e+02  8.000e-01  4.560e-03
 9.600e+02  9.000e-01  3.600e-03
 9.600e+02  1.000e+00  2.920e-03
 9.600e+02  2.000e+00  7.320e-04
 9.600e+02  3.000e+00  3.300e-04
 9.600e+02  4.000e+00  1.930e-04
 9.600e+02  5.000e+00  1.330e-04
 9.600e+02  6.000e+00  1.040e-04
 9.600e+02  7.000e+00  9.110e-05
 9.600e+02  8.000e+00  8.680e-05
 9.600e+02  9.000e+00  8.820e-05
 9.600e+02  1.000e+01  9.360e-05
 9.600e+02  1.100e+01  1.020e-04
 9.600e+02  1.200e+01  1.130e-04
 9.600e+02  1.300e+01  1.260e-04
 9.600e+02  1.400e+01  1.410e-04
 9.600e+02  1.500e+01  1.580e-04
 9.600e+02  1.600e+01  1.760e-04
 9.600e+02  1.700e+01  1.960e-04
 9.600e+02  1.800e+01  2.180e-04
 9.600e+02  1.900e+01  2.410e-04
 9.600e+02  2.000e+01  2.650e-04
 9.600e+02  2.500e+01  4.070e-04
 9.600e+02  3.000e+01  5.830e-04
 9.600e+02  3.500e+01  7.910e-04
 9.600e+02  4.000e+01  1.030e-03
 9.600e+02  4.500e+01  1.310e-03
 9.600e+02  5.000e+01  1.610e-03
 9.600e+02  5.500e+01  1.950e-03
 9.600e+02  6.000e+01  2.320e-03
