# mhp       tanbeta      NLO_xsec
 6.600e+02  1.000e-01  2.020e+00
 6.600e+02  2.000e-01  5.040e-01
 6.600e+02  3.000e-01  2.240e-01
 6.600e+02  4.000e-01  1.260e-01
 6.600e+02  5.000e-01  8.070e-02
 6.600e+02  6.000e-01  5.600e-02
 6.600e+02  7.000e-01  4.120e-02
 6.600e+02  8.000e-01  3.150e-02
 6.600e+02  9.000e-01  2.490e-02
 6.600e+02  1.000e+00  2.020e-02
 6.600e+02  2.000e+00  5.060e-03
 6.600e+02  3.000e+00  2.280e-03
 6.600e+02  4.000e+00  1.330e-03
 6.600e+02  5.000e+00  9.190e-04
 6.600e+02  6.000e+00  7.220e-04
 6.600e+02  7.000e+00  6.320e-04
 6.600e+02  8.000e+00  6.030e-04
 6.600e+02  9.000e+00  6.140e-04
 6.600e+02  1.000e+01  6.520e-04
 6.600e+02  1.100e+01  7.120e-04
 6.600e+02  1.200e+01  7.890e-04
 6.600e+02  1.300e+01  8.810e-04
 6.600e+02  1.400e+01  9.860e-04
 6.600e+02  1.500e+01  1.100e-03
 6.600e+02  1.600e+01  1.230e-03
 6.600e+02  1.700e+01  1.370e-03
 6.600e+02  1.800e+01  1.520e-03
 6.600e+02  1.900e+01  1.680e-03
 6.600e+02  2.000e+01  1.850e-03
 6.600e+02  2.500e+01  2.850e-03
 6.600e+02  3.000e+01  4.080e-03
 6.600e+02  3.500e+01  5.540e-03
 6.600e+02  4.000e+01  7.220e-03
 6.600e+02  4.500e+01  9.130e-03
 6.600e+02  5.000e+01  1.130e-02
 6.600e+02  5.500e+01  1.360e-02
 6.600e+02  6.000e+01  1.620e-02
