# mhp       tanbeta      NLO_xsec
 9.200e+02  1.000e-01  3.970e-01
 9.200e+02  2.000e-01  9.940e-02
 9.200e+02  3.000e-01  4.420e-02
 9.200e+02  4.000e-01  2.480e-02
 9.200e+02  5.000e-01  1.590e-02
 9.200e+02  6.000e-01  1.100e-02
 9.200e+02  7.000e-01  8.110e-03
 9.200e+02  8.000e-01  6.210e-03
 9.200e+02  9.000e-01  4.910e-03
 9.200e+02  1.000e+00  3.980e-03
 9.200e+02  2.000e+00  9.970e-04
 9.200e+02  3.000e+00  4.500e-04
 9.200e+02  4.000e+00  2.620e-04
 9.200e+02  5.000e+00  1.810e-04
 9.200e+02  6.000e+00  1.420e-04
 9.200e+02  7.000e+00  1.240e-04
 9.200e+02  8.000e+00  1.180e-04
 9.200e+02  9.000e+00  1.200e-04
 9.200e+02  1.000e+01  1.280e-04
 9.200e+02  1.100e+01  1.390e-04
 9.200e+02  1.200e+01  1.540e-04
 9.200e+02  1.300e+01  1.720e-04
 9.200e+02  1.400e+01  1.920e-04
 9.200e+02  1.500e+01  2.150e-04
 9.200e+02  1.600e+01  2.400e-04
 9.200e+02  1.700e+01  2.670e-04
 9.200e+02  1.800e+01  2.970e-04
 9.200e+02  1.900e+01  3.280e-04
 9.200e+02  2.000e+01  3.610e-04
 9.200e+02  2.500e+01  5.550e-04
 9.200e+02  3.000e+01  7.940e-04
 9.200e+02  3.500e+01  1.080e-03
 9.200e+02  4.000e+01  1.410e-03
 9.200e+02  4.500e+01  1.780e-03
 9.200e+02  5.000e+01  2.200e-03
 9.200e+02  5.500e+01  2.660e-03
 9.200e+02  6.000e+01  3.160e-03
