# mhp       tanbeta      NLO_xsec
 5.600e+02  1.000e-01  3.960e+00
 5.600e+02  2.000e-01  9.900e-01
 5.600e+02  3.000e-01  4.400e-01
 5.600e+02  4.000e-01  2.470e-01
 5.600e+02  5.000e-01  1.580e-01
 5.600e+02  6.000e-01  1.100e-01
 5.600e+02  7.000e-01  8.080e-02
 5.600e+02  8.000e-01  6.190e-02
 5.600e+02  9.000e-01  4.890e-02
 5.600e+02  1.000e+00  3.960e-02
 5.600e+02  2.000e+00  9.930e-03
 5.600e+02  3.000e+00  4.480e-03
 5.600e+02  4.000e+00  2.610e-03
 5.600e+02  5.000e+00  1.800e-03
 5.600e+02  6.000e+00  1.410e-03
 5.600e+02  7.000e+00  1.240e-03
 5.600e+02  8.000e+00  1.180e-03
 5.600e+02  9.000e+00  1.200e-03
 5.600e+02  1.000e+01  1.270e-03
 5.600e+02  1.100e+01  1.380e-03
 5.600e+02  1.200e+01  1.530e-03
 5.600e+02  1.300e+01  1.710e-03
 5.600e+02  1.400e+01  1.910e-03
 5.600e+02  1.500e+01  2.140e-03
 5.600e+02  1.600e+01  2.390e-03
 5.600e+02  1.700e+01  2.660e-03
 5.600e+02  1.800e+01  2.950e-03
 5.600e+02  1.900e+01  3.260e-03
 5.600e+02  2.000e+01  3.590e-03
 5.600e+02  2.500e+01  5.520e-03
 5.600e+02  3.000e+01  7.900e-03
 5.600e+02  3.500e+01  1.070e-02
 5.600e+02  4.000e+01  1.400e-02
 5.600e+02  4.500e+01  1.770e-02
 5.600e+02  5.000e+01  2.180e-02
 5.600e+02  5.500e+01  2.640e-02
 5.600e+02  6.000e+01  3.140e-02
