# mhp       tanbeta      NLO_xsec
 6.400e+02  1.000e-01  2.260e+00
 6.400e+02  2.000e-01  5.650e-01
 6.400e+02  3.000e-01  2.510e-01
 6.400e+02  4.000e-01  1.410e-01
 6.400e+02  5.000e-01  9.040e-02
 6.400e+02  6.000e-01  6.280e-02
 6.400e+02  7.000e-01  4.610e-02
 6.400e+02  8.000e-01  3.530e-02
 6.400e+02  9.000e-01  2.790e-02
 6.400e+02  1.000e+00  2.260e-02
 6.400e+02  2.000e+00  5.670e-03
 6.400e+02  3.000e+00  2.560e-03
 6.400e+02  4.000e+00  1.490e-03
 6.400e+02  5.000e+00  1.030e-03
 6.400e+02  6.000e+00  8.100e-04
 6.400e+02  7.000e+00  7.090e-04
 6.400e+02  8.000e+00  6.770e-04
 6.400e+02  9.000e+00  6.890e-04
 6.400e+02  1.000e+01  7.320e-04
 6.400e+02  1.100e+01  7.990e-04
 6.400e+02  1.200e+01  8.850e-04
 6.400e+02  1.300e+01  9.880e-04
 6.400e+02  1.400e+01  1.110e-03
 6.400e+02  1.500e+01  1.240e-03
 6.400e+02  1.600e+01  1.380e-03
 6.400e+02  1.700e+01  1.540e-03
 6.400e+02  1.800e+01  1.710e-03
 6.400e+02  1.900e+01  1.890e-03
 6.400e+02  2.000e+01  2.080e-03
 6.400e+02  2.500e+01  3.200e-03
 6.400e+02  3.000e+01  4.580e-03
 6.400e+02  3.500e+01  6.210e-03
 6.400e+02  4.000e+01  8.100e-03
 6.400e+02  4.500e+01  1.030e-02
 6.400e+02  5.000e+01  1.260e-02
 6.400e+02  5.500e+01  1.530e-02
 6.400e+02  6.000e+01  1.820e-02
