# mhp       tanbeta      NLO_xsec
 2.800e+02  1.000e-01  4.130e+01
 2.800e+02  2.000e-01  1.030e+01
 2.800e+02  3.000e-01  4.590e+00
 2.800e+02  4.000e-01  2.580e+00
 2.800e+02  5.000e-01  1.650e+00
 2.800e+02  6.000e-01  1.150e+00
 2.800e+02  7.000e-01  8.430e-01
 2.800e+02  8.000e-01  6.450e-01
 2.800e+02  9.000e-01  5.100e-01
 2.800e+02  1.000e+00  4.130e-01
 2.800e+02  2.000e+00  1.040e-01
 2.800e+02  3.000e+00  4.670e-02
 2.800e+02  4.000e+00  2.730e-02
 2.800e+02  5.000e+00  1.890e-02
 2.800e+02  6.000e+00  1.490e-02
 2.800e+02  7.000e+00  1.310e-02
 2.800e+02  8.000e+00  1.260e-02
 2.800e+02  9.000e+00  1.280e-02
 2.800e+02  1.000e+01  1.370e-02
 2.800e+02  1.100e+01  1.500e-02
 2.800e+02  1.200e+01  1.660e-02
 2.800e+02  1.300e+01  1.860e-02
 2.800e+02  1.400e+01  2.080e-02
 2.800e+02  1.500e+01  2.330e-02
 2.800e+02  1.600e+01  2.610e-02
 2.800e+02  1.700e+01  2.900e-02
 2.800e+02  1.800e+01  3.220e-02
 2.800e+02  1.900e+01  3.560e-02
 2.800e+02  2.000e+01  3.920e-02
 2.800e+02  2.500e+01  6.030e-02
 2.800e+02  3.000e+01  8.640e-02
 2.800e+02  3.500e+01  1.170e-01
 2.800e+02  4.000e+01  1.530e-01
 2.800e+02  4.500e+01  1.940e-01
 2.800e+02  5.000e+01  2.390e-01
 2.800e+02  5.500e+01  2.890e-01
 2.800e+02  6.000e+01  3.440e-01
