# mhp       tanbeta      NLO_xsec
 5.000e+02  1.000e-01  6.330e+00
 5.000e+02  2.000e-01  1.580e+00
 5.000e+02  3.000e-01  7.040e-01
 5.000e+02  4.000e-01  3.960e-01
 5.000e+02  5.000e-01  2.530e-01
 5.000e+02  6.000e-01  1.760e-01
 5.000e+02  7.000e-01  1.290e-01
 5.000e+02  8.000e-01  9.900e-02
 5.000e+02  9.000e-01  7.820e-02
 5.000e+02  1.000e+00  6.340e-02
 5.000e+02  2.000e+00  1.590e-02
 5.000e+02  3.000e+00  7.170e-03
 5.000e+02  4.000e+00  4.190e-03
 5.000e+02  5.000e+00  2.890e-03
 5.000e+02  6.000e+00  2.270e-03
 5.000e+02  7.000e+00  1.990e-03
 5.000e+02  8.000e+00  1.910e-03
 5.000e+02  9.000e+00  1.940e-03
 5.000e+02  1.000e+01  2.060e-03
 5.000e+02  1.100e+01  2.250e-03
 5.000e+02  1.200e+01  2.500e-03
 5.000e+02  1.300e+01  2.790e-03
 5.000e+02  1.400e+01  3.130e-03
 5.000e+02  1.500e+01  3.500e-03
 5.000e+02  1.600e+01  3.910e-03
 5.000e+02  1.700e+01  4.350e-03
 5.000e+02  1.800e+01  4.830e-03
 5.000e+02  1.900e+01  5.340e-03
 5.000e+02  2.000e+01  5.880e-03
 5.000e+02  2.500e+01  9.040e-03
 5.000e+02  3.000e+01  1.290e-02
 5.000e+02  3.500e+01  1.760e-02
 5.000e+02  4.000e+01  2.290e-02
 5.000e+02  4.500e+01  2.900e-02
 5.000e+02  5.000e+01  3.580e-02
 5.000e+02  5.500e+01  4.330e-02
 5.000e+02  6.000e+01  5.150e-02
