# mhp       tanbeta      NLO_xsec
 7.200e+02  1.000e-01  1.360e+00
 7.200e+02  2.000e-01  3.390e-01
 7.200e+02  3.000e-01  1.510e-01
 7.200e+02  4.000e-01  8.470e-02
 7.200e+02  5.000e-01  5.420e-02
 7.200e+02  6.000e-01  3.770e-02
 7.200e+02  7.000e-01  2.770e-02
 7.200e+02  8.000e-01  2.120e-02
 7.200e+02  9.000e-01  1.670e-02
 7.200e+02  1.000e+00  1.360e-02
 7.200e+02  2.000e+00  3.400e-03
 7.200e+02  3.000e+00  1.530e-03
 7.200e+02  4.000e+00  8.950e-04
 7.200e+02  5.000e+00  6.180e-04
 7.200e+02  6.000e+00  4.850e-04
 7.200e+02  7.000e+00  4.250e-04
 7.200e+02  8.000e+00  4.050e-04
 7.200e+02  9.000e+00  4.120e-04
 7.200e+02  1.000e+01  4.370e-04
 7.200e+02  1.100e+01  4.770e-04
 7.200e+02  1.200e+01  5.290e-04
 7.200e+02  1.300e+01  5.900e-04
 7.200e+02  1.400e+01  6.610e-04
 7.200e+02  1.500e+01  7.400e-04
 7.200e+02  1.600e+01  8.260e-04
 7.200e+02  1.700e+01  9.190e-04
 7.200e+02  1.800e+01  1.020e-03
 7.200e+02  1.900e+01  1.130e-03
 7.200e+02  2.000e+01  1.240e-03
 7.200e+02  2.500e+01  1.910e-03
 7.200e+02  3.000e+01  2.730e-03
 7.200e+02  3.500e+01  3.710e-03
 7.200e+02  4.000e+01  4.840e-03
 7.200e+02  4.500e+01  6.120e-03
 7.200e+02  5.000e+01  7.550e-03
 7.200e+02  5.500e+01  9.140e-03
 7.200e+02  6.000e+01  1.090e-02
